38:44.3,487,38:44.3,488,38:44.3,489,38:44.3,490,38:44.3,492,38:44.3,493,38:44.3,493,38:44.3,493,38:44.3,492,38:44.3,,78.119811438:44.3,491,38:44.3,491,38:44.3,491,38:44.3,492,38:44.3,493,38:44.3,494,38:44.3,495,38:44.3,495,38:44.3,495,38:44.3,495,38:44.3,494,38:44.3,493,38:44.3,493,38:44.3,492,38:44.3,,78.2373244238:44.3,493,38:44.3,493,38:44.4,493,38:44.4,493,38:44.4,493,38:44.4,493,38:44.4,493,38:44.4,493,38:44.4,493,38:44.4,493,38:44.4,494,38:44.4,495,38:44.4,496,38:44.4,495,38:44.4,,78.212732838:44.4,494,38:44.4,493,38:44.4,492,38:44.4,493,38:44.4,495,38:44.4,497,38:44.4,500,38:44.4,502,38:44.4,504,38:44.4,507,38:44.4,510,38:44.4,512,38:44.4,514,38:44.5,516,38:44.5,517,38:44.5,518,38:44.5,,78.1862669738:44.5,518,38:44.5,519,38:44.5,520,38:44.5,522,38:44.5,523,38:44.5,525,38:44.5,525,38:44.5,525,38:44.5,525,38:44.5,525,38:44.5,527,38:44.5,529,38:44.5,531,38:44.5,531,38:44.5,529,38:44.5,525,38:44.5,,77.853772138:44.5,521,38:44.5,520,38:44.5,520,38:44.5,523,38:44.5,527,38:44.5,530,38:44.5,532,38:44.6,534,38:44.6,537,38:44.6,539,38:44.6,541,38:44.6,543,38:44.6,543,38:44.6,543,38:44.6,542,38:44.6,542,38:44.6,543,38:44.6,,77.8868173938:44.6,544,38:44.6,546,38:44.6,547,38:44.6,547,38:44.6,547,38:44.6,546,38:44.6,545,38:44.6,547,38:44.6,549,38:44.6,551,38:44.6,551,38:44.6,550,38:44.6,549,38:44.6,548,38:44.6,547,38:44.7,547,38:44.7,548,38:44.7,548,38:44.7,548,38:44.7,548,38:44.7,548,38:44.7,,78.0406802438:44.7,548,38:44.7,548,38:44.7,549,38:44.7,549,38:44.7,548,38:44.7,547,38:44.7,545,38:44.7,543,38:44.7,543,38:44.7,545,38:44.7,548,38:44.7,552,38:44.7,554,38:44.7,553,38:44.7,551,38:44.7,548,38:44.7,547,38:44.7,,78.0891927138:44.7,548,38:44.8,550,38:44.8,552,38:44.8,553,38:44.8,553,38:44.8,552,38:44.8,551,38:44.8,550,38:44.8,550,38:44.8,550,38:44.8,551,38:44.8,550,38:44.8,548,38:44.8,546,38:44.8,544,38:44.8,543,38:44.8,,78.126657238:44.8,544,38:44.8,545,38:44.8,546,38:44.8,547,38:44.8,546,38:44.8,546,38:44.8,545,38:44.8,545,38:44.8,544,38:44.8,544,38:44.9,544,38:44.9,543,38:44.9,543,38:44.9,543,38:44.9,544,38:44.9,544,38:44.9,543,38:44.9,541,38:44.9,540,38:44.9,538,38:44.9,,78.174745538:44.9,538,38:44.9,539,38:44.9,540,38:44.9,542,38:44.9,542,38:44.9,540,38:44.9,536,38:44.9,530,38:44.9,524,38:44.9,518,38:44.9,515,38:44.9,514,38:44.9,514,38:44.9,515,38:44.9,517,38:45.0,520,38:45.0,524,38:45.0,,77.8827730438:45.0,528,38:45.0,530,38:45.0,531,38:45.0,530,38:45.0,529,38:45.0,529,38:45.0,530,38:45.0,530,38:45.0,530,38:45.0,529,38:45.0,527,38:45.0,525,38:45.0,522,38:45.0,521,38:45.0,520,38:45.0,520,38:45.0,521,38:45.0,522,38:45.0,,77.9901949238:45.0,522,38:45.0,522,38:45.0,522,38:45.0,521,38:45.0,520,38:45.1,520,38:45.1,521,38:45.1,522,38:45.1,522,38:45.1,522,38:45.1,521,38:45.1,519,38:45.1,518,38:45.1,517,38:45.1,,78.1355350438:45.1,518,38:45.1,518,38:45.1,518,38:45.1,517,38:45.1,516,38:45.1,514,38:45.1,513,38:45.1,512,38:45.1,512,38:45.1,512,38:45.1,513,38:45.1,514,38:45.1,513,38:45.1,511,38:45.1,509,38:45.1,506,38:45.2,503,38:45.2,503,38:45.2,503,38:45.2,503,38:45.2,503,38:45.2,502,38:45.2,,78.1895123138:45.2,500,38:45.2,499,38:45.2,499,38:45.2,499,38:45.2,498,38:45.2,497,38:45.2,495,38:45.2,494,38:45.2,492,38:45.2,491,38:45.2,490,38:45.2,490,38:45.2,490,38:45.2,490,38:45.2,491,38:45.2,490,38:45.2,488,38:45.2,485,38:45.2,482,38:45.2,480,38:45.3,479,38:45.3,,78.2070411138:45.3,480,38:45.3,479,38:45.3,478,38:45.3,477,38:45.3,476,38:45.3,476,38:45.3,477,38:45.3,479,38:45.3,481,38:45.3,482,38:45.3,481,38:45.3,480,38:45.3,476,38:45.3,471,38:45.3,466,38:45.3,461,38:45.3,460,38:45.3,461,38:45.3,465,38:45.3,,78.1762054138:45.3,468,38:45.3,471,38:45.3,472,38:45.3,472,38:45.4,473,38:45.4,474,38:45.4,475,38:45.4,476,38:45.4,476,38:45.4,477,38:45.4,477,38:45.4,477,38:45.4,477,38:45.4,476,38:45.4,475,38:45.4,474,38:45.4,473,38:45.4,473,38:45.4,472,38:45.4,,77.915443538:45.4,471,38:45.4,469,38:45.4,468,38:45.4,468,38:45.4,467,38:45.4,466,38:45.4,465,38:45.4,465,38:45.4,464,38:45.4,465,38:45.5,466,38:45.5,467,38:45.5,467,38:45.5,467,38:45.5,466,38:45.5,464,38:45.5,463,38:45.5,,78.0072699738:45.5,463,38:45.5,464,38:45.5,464,38:45.5,464,38:45.5,463,38:45.5,461,38:45.5,460,38:45.5,459,38:45.5,461,38:45.5,462,38:45.5,464,38:45.5,464,38:45.5,462,38:45.5,460,38:45.5,458,38:45.5,458,38:45.5,460,38:45.5,463,38:45.5,,78.1036931838:45.6,464,38:45.6,465,38:45.6,464,38:45.6,462,38:45.6,461,38:45.6,461,38:45.6,462,38:45.6,463,38:45.6,464,38:45.6,463,38:45.6,462,38:45.6,461,38:45.6,459,38:45.6,459,38:45.6,458,38:45.6,459,38:45.6,460,38:45.6,461,38:45.6,462,38:45.6,462,38:45.6,462,38:45.6,463,38:45.6,464,38:45.6,,78.1598504638:45.6,465,38:45.6,465,38:45.7,464,38:45.7,463,38:45.7,463,38:45.7,463,38:45.7,463,38:45.7,463,38:45.7,463,38:45.7,463,38:45.7,463,38:45.7,464,38:45.7,464,38:45.7,463,38:45.7,461,38:45.7,457,38:45.7,454,38:45.7,451,38:45.7,449,38:45.7,448,38:45.7,448,38:45.7,,78.1106080338:45.7,449,38:45.7,450,38:45.7,453,38:45.7,457,38:45.7,461,38:45.7,464,38:45.8,466,38:45.8,467,38:45.8,467,38:45.8,467,38:45.8,467,38:45.8,467,38:45.8,467,38:45.8,468,38:45.8,469,38:45.8,,78.0065104238:45.8,470,38:45.8,471,38:45.8,470,38:45.8,469,38:45.8,468,38:45.8,469,38:45.8,470,38:45.8,471,38:45.8,472,38:45.8,472,38:45.8,474,38:45.8,476,38:45.8,477,38:45.8,478,38:45.8,477,38:45.8,476,38:45.8,475,38:45.9,474,38:45.9,,77.8101917638:45.9,474,38:45.9,475,38:45.9,476,38:45.9,477,38:45.9,477,38:45.9,476,38:45.9,475,38:45.9,473,38:45.9,472,38:45.9,473,38:45.9,474,38:45.9,476,38:45.9,477,38:45.9,477,38:45.9,478,38:45.9,478,38:45.9,478,38:45.9,,77.8942353238:45.9,478,38:45.9,477,38:45.9,477,38:45.9,476,38:45.9,476,38:45.9,476,38:46.0,476,38:46.0,476,38:46.0,476,38:46.0,476,38:46.0,476,38:46.0,476,38:46.0,476,38:46.0,475,38:46.0,,77.9218158138:46.0,475,38:46.0,476,38:46.0,478,38:46.0,480,38:46.0,481,38:46.0,481,38:46.0,481,38:46.0,481,38:46.0,482,38:46.0,484,38:46.0,485,38:46.0,486,38:46.0,487,38:46.0,,78.0162661838:46.0,487,38:46.0,488,38:46.0,488,38:46.0,488,38:46.1,488,38:46.1,488,38:46.1,488,38:46.1,489,38:46.1,489,38:46.1,490,38:46.1,491,38:46.1,492,38:46.1,492,38:46.1,492,38:46.1,491,38:46.1,,77.9889224338:46.1,488,38:46.1,485,38:46.1,481,38:46.1,477,38:46.1,475,38:46.1,475,38:46.1,477,38:46.1,480,38:46.1,483,38:46.1,486,38:46.1,489,38:46.1,492,38:46.1,494,38:46.1,495,38:46.2,496,38:46.2,497,38:46.2,499,38:46.2,,77.7973978138:46.2,500,38:46.2,500,38:46.2,500,38:46.2,501,38:46.2,502,38:46.2,503,38:46.2,504,38:46.2,503,38:46.2,501,38:46.2,500,38:46.2,499,38:46.2,500,38:46.2,501,38:46.2,502,38:46.2,503,38:46.2,504,38:46.2,,77.6047585238:46.2,505,38:46.2,505,38:46.2,506,38:46.2,507,38:46.2,507,38:46.2,507,38:46.3,505,38:46.3,504,38:46.3,504,38:46.3,504,38:46.3,506,38:46.3,507,38:46.3,506,38:46.3,506,38:46.3,505,38:46.3,506,38:46.3,,77.7092704438:46.3,507,38:46.3,509,38:46.3,509,38:46.3,508,38:46.3,507,38:46.3,507,38:46.3,507,38:46.3,509,38:46.3,510,38:46.3,510,38:46.3,510,38:46.3,510,38:46.3,510,38:46.3,510,38:46.3,509,38:46.3,508,38:46.4,508,38:46.4,508,38:46.4,511,38:46.4,513,38:46.4,515,38:46.4,516,38:46.4,516,38:46.4,515,38:46.4,515,38:46.4,516,38:46.4,517,38:46.4,518,38:46.4,520,38:46.4,521,38:46.4,522,38:46.4,522,38:46.4,522,38:46.4,523,38:46.4,524,38:46.4,525,38:46.4,526,38:46.4,526,38:46.4,526,38:46.4,526,38:46.5,527,38:46.5,529,38:46.5,,77.4567846438:46.5,530,38:46.5,530,38:46.5,530,38:46.5,530,38:46.5,531,38:46.5,531,38:46.5,530,38:46.5,529,38:46.5,527,38:46.5,526,38:46.5,527,38:46.5,529,38:46.5,531,38:46.5,533,38:46.5,535,38:46.5,535,38:46.5,537,38:46.5,539,38:46.5,542,38:46.5,546,38:46.5,548,38:46.5,549,38:46.5,548,38:46.6,547,38:46.6,546,38:46.6,547,38:46.6,548,38:46.6,550,38:46.6,551,38:46.6,550,38:46.6,549,38:46.6,547,38:46.6,546,38:46.6,,77.4292041538:46.6,546,38:46.6,546,38:46.6,547,38:46.6,547,38:46.6,547,38:46.6,546,38:46.6,545,38:46.6,545,38:46.6,545,38:46.6,546,38:46.6,546,38:46.6,545,38:46.6,543,38:46.6,541,38:46.6,539,38:46.7,536,38:46.7,535,38:46.7,534,38:46.7,533,38:46.7,533,38:46.7,533,38:46.7,534,38:46.7,534,38:46.7,535,38:46.7,535,38:46.7,534,38:46.7,533,38:46.7,532,38:46.7,532,38:46.7,,77.4902738338:46.7,532,38:46.7,532,38:46.7,532,38:46.7,531,38:46.7,529,38:46.7,526,38:46.7,525,38:46.7,524,38:46.7,524,38:46.7,526,38:46.7,527,38:46.8,529,38:46.8,529,38:46.8,528,38:46.8,527,38:46.8,526,38:46.8,,77.544556938:46.8,526,38:46.8,525,38:46.8,524,38:46.8,523,38:46.8,522,38:46.8,523,38:46.8,525,38:46.8,527,38:46.8,528,38:46.8,528,38:46.8,527,38:46.8,526,38:46.8,525,38:46.8,524,38:46.8,523,38:46.8,522,38:46.8,,77.3122731238:46.8,522,38:46.8,522,38:46.8,523,38:46.8,523,38:46.9,522,38:46.9,521,38:46.9,520,38:46.9,521,38:46.9,523,38:46.9,526,38:46.9,527,38:46.9,525,38:46.9,520,38:46.9,513,38:46.9,507,38:46.9,504,38:46.9,504,38:46.9,,77.1420355938:46.9,506,38:46.9,508,38:46.9,510,38:46.9,511,38:46.9,513,38:46.9,516,38:46.9,519,38:46.9,522,38:46.9,522,38:46.9,521,38:46.9,520,38:46.9,520,38:46.9,520,38:47.0,519,38:47.0,519,38:47.0,,77.291104438:47.0,518,38:47.0,517,38:47.0,516,38:47.0,516,38:47.0,515,38:47.0,513,38:47.0,512,38:47.0,511,38:47.0,511,38:47.0,512,38:47.0,512,38:47.0,513,38:47.0,512,38:47.0,511,38:47.0,510,38:47.0,509,38:47.0,,77.3094026238:47.0,510,38:47.0,511,38:47.0,512,38:47.0,512,38:47.0,512,38:47.0,512,38:47.1,512,38:47.1,512,38:47.1,512,38:47.1,511,38:47.1,510,38:47.1,510,38:47.1,510,38:47.1,511,38:47.1,513,38:47.1,515,38:47.1,516,38:47.1,516,38:47.1,514,38:47.1,,77.3285886238:47.1,513,38:47.1,512,38:47.1,510,38:47.1,510,38:47.1,510,38:47.1,509,38:47.1,509,38:47.1,508,38:47.1,507,38:47.1,506,38:47.1,506,38:47.1,507,38:47.2,508,38:47.2,508,38:47.2,,77.3273654538:47.2,508,38:47.2,508,38:47.2,507,38:47.2,507,38:47.2,506,38:47.2,505,38:47.2,504,38:47.2,503,38:47.2,502,38:47.2,503,38:47.2,504,38:47.2,505,38:47.2,505,38:47.2,505,38:47.2,505,38:47.2,503,38:47.2,501,38:47.2,499,38:47.2,,77.0742286138:47.2,498,38:47.2,498,38:47.2,499,38:47.2,499,38:47.2,499,38:47.3,499,38:47.3,498,38:47.3,498,38:47.3,499,38:47.3,500,38:47.3,499,38:47.3,496,38:47.3,491,38:47.3,484,38:47.3,,77.0278566938:47.3,479,38:47.3,476,38:47.3,475,38:47.3,476,38:47.3,478,38:47.3,480,38:47.3,482,38:47.3,485,38:47.3,488,38:47.3,489,38:47.3,489,38:47.3,488,38:47.3,485,38:47.3,483,38:47.3,482,38:47.3,483,38:47.4,484,38:47.4,485,38:47.4,486,38:47.4,487,38:47.4,487,38:47.4,486,38:47.4,485,38:47.4,483,38:47.4,481,38:47.4,,77.1008917338:47.4,479,38:47.4,478,38:47.4,476,38:47.4,475,38:47.4,474,38:47.4,473,38:47.4,472,38:47.4,471,38:47.4,469,38:47.4,469,38:47.4,469,38:47.4,471,38:47.4,473,38:47.4,474,38:47.4,474,38:47.4,473,38:47.4,,77.1232244338:47.5,472,38:47.5,471,38:47.5,471,38:47.5,471,38:47.5,472,38:47.5,472,38:47.5,471,38:47.5,471,38:47.5,471,38:47.5,472,38:47.5,473,38:47.5,473,38:47.5,472,38:47.5,471,38:47.5,471,38:47.5,471,38:47.5,471,38:47.5,472,38:47.5,471,38:47.5,,77.0938782438:47.5,470,38:47.5,469,38:47.5,468,38:47.5,468,38:47.5,468,38:47.5,468,38:47.6,467,38:47.6,466,38:47.6,465,38:47.6,464,38:47.6,464,38:47.6,463,38:47.6,463,38:47.6,463,38:47.6,463,38:47.6,464,38:47.6,,77.0710917838:47.6,465,38:47.6,467,38:47.6,468,38:47.6,469,38:47.6,469,38:47.6,468,38:47.6,467,38:47.6,466,38:47.6,466,38:47.6,467,38:47.6,467,38:47.6,467,38:47.6,466,38:47.6,466,38:47.6,466,38:47.7,467,38:47.7,468,38:47.7,469,38:47.7,468,38:47.7,464,38:47.7,458,38:47.7,452,38:47.7,,76.7424735638:47.7,447,38:47.7,445,38:47.7,445,38:47.7,448,38:47.7,451,38:47.7,453,38:47.7,455,38:47.7,457,38:47.7,458,38:47.7,460,38:47.7,461,38:47.7,462,38:47.7,463,38:47.7,464,38:47.7,464,38:47.7,,76.7366832438:47.7,464,38:47.7,464,38:47.7,464,38:47.8,465,38:47.8,466,38:47.8,467,38:47.8,466,38:47.8,464,38:47.8,462,38:47.8,461,38:47.8,461,38:47.8,462,38:47.8,463,38:47.8,464,38:47.8,465,38:47.8,,76.8588916538:47.8,467,38:47.8,468,38:47.8,468,38:47.8,467,38:47.8,466,38:47.8,466,38:47.8,466,38:47.8,466,38:47.8,465,38:47.8,465,38:47.8,466,38:47.8,467,38:47.8,469,38:47.9,471,38:47.9,471,38:47.9,,76.9106987838:47.9,470,38:47.9,469,38:47.9,469,38:47.9,470,38:47.9,471,38:47.9,471,38:47.9,470,38:47.9,469,38:47.9,469,38:47.9,469,38:47.9,470,38:47.9,469,38:47.9,469,38:47.9,469,38:47.9,470,38:47.9,471,38:47.9,,77.7819306338:47.9,472,38:47.9,472,38:47.9,471,38:47.9,471,38:47.9,471,38:47.9,471,38:47.9,471,38:48.0,470,38:48.0,469,38:48.0,469,38:48.0,470,38:48.0,472,38:48.0,473,38:48.0,474,38:48.0,475,38:48.0,475,38:48.0,475,38:48.0,475,38:48.0,474,38:48.0,474,38:48.0,,77.7253393338:48.0,474,38:48.0,474,38:48.0,475,38:48.0,475,38:48.0,477,38:48.0,478,38:48.0,478,38:48.0,479,38:48.0,478,38:48.0,478,38:48.0,478,38:48.0,479,38:48.1,480,38:48.1,480,38:48.1,478,38:48.1,475,38:48.1,470,38:48.1,466,38:48.1,464,38:48.1,465,38:48.1,468,38:48.1,,77.3850319638:48.1,471,38:48.1,474,38:48.1,476,38:48.1,478,38:48.1,479,38:48.1,480,38:48.1,482,38:48.1,483,38:48.1,484,38:48.1,483,38:48.1,483,38:48.1,483,38:48.1,484,38:48.1,487,38:48.1,490,38:48.1,492,38:48.2,493,38:48.2,,77.4186592538:48.2,492,38:48.2,490,38:48.2,489,38:48.2,489,38:48.2,490,38:48.2,492,38:48.2,493,38:48.2,494,38:48.2,496,38:48.2,497,38:48.2,498,38:48.2,499,38:48.2,500,38:48.2,500,38:48.2,501,38:48.2,500,38:48.2,499,38:48.2,498,38:48.2,,77.564571538:48.2,498,38:48.2,499,38:48.2,501,38:48.2,502,38:48.2,502,38:48.2,502,38:48.3,502,38:48.3,503,38:48.3,505,38:48.3,508,38:48.3,509,38:48.3,510,38:48.3,511,38:48.3,511,38:48.3,,77.5626479638:48.3,511,38:48.3,511,38:48.3,511,38:48.3,511,38:48.3,511,38:48.3,511,38:48.3,512,38:48.3,512,38:48.3,512,38:48.3,513,38:48.3,513,38:48.3,512,38:48.3,511,38:48.3,510,38:48.3,510,38:48.3,511,38:48.3,512,38:48.3,,77.5339133538:48.4,514,38:48.4,515,38:48.4,516,38:48.4,517,38:48.4,517,38:48.4,518,38:48.4,519,38:48.4,520,38:48.4,520,38:48.4,520,38:48.4,520,38:48.4,519,38:48.4,519,38:48.4,519,38:48.4,519,38:48.4,519,38:48.4,520,38:48.4,520,38:48.4,520,38:48.4,519,38:48.4,520,38:48.4,,77.4971689638:48.4,521,38:48.4,523,38:48.4,524,38:48.4,524,38:48.5,522,38:48.5,519,38:48.5,514,38:48.5,511,38:48.5,509,38:48.5,509,38:48.5,512,38:48.5,515,38:48.5,519,38:48.5,,77.1656506538:48.5,523,38:48.5,527,38:48.5,529,38:48.5,531,38:48.5,533,38:48.5,535,38:48.5,539,38:48.5,542,38:48.5,544,38:48.5,545,38:48.5,545,38:48.5,545,38:48.5,545,38:48.5,545,38:48.5,,77.2264441338:48.5,546,38:48.5,546,38:48.6,546,38:48.6,546,38:48.6,546,38:48.6,547,38:48.6,548,38:48.6,549,38:48.6,549,38:48.6,549,38:48.6,548,38:48.6,546,38:48.6,544,38:48.6,542,38:48.6,542,38:48.6,542,38:48.6,,77.2603081638:48.6,542,38:48.6,543,38:48.6,543,38:48.6,543,38:48.6,543,38:48.6,541,38:48.6,540,38:48.6,538,38:48.6,537,38:48.6,537,38:48.6,538,38:48.7,539,38:48.7,539,38:48.7,538,38:48.7,537,38:48.7,,77.2701921638:48.7,536,38:48.7,535,38:48.7,534,38:48.7,533,38:48.7,533,38:48.7,533,38:48.7,532,38:48.7,531,38:48.7,530,38:48.7,528,38:48.7,528,38:48.7,529,38:48.7,530,38:48.7,531,38:48.7,,77.2462515838:48.7,531,38:48.7,529,38:48.7,527,38:48.7,525,38:48.7,524,38:48.7,523,38:48.7,524,38:48.8,525,38:48.8,526,38:48.8,527,38:48.8,526,38:48.8,524,38:48.8,523,38:48.8,522,38:48.8,522,38:48.8,,77.2053641938:48.8,523,38:48.8,524,38:48.8,525,38:48.8,525,38:48.8,525,38:48.8,524,38:48.8,522,38:48.8,521,38:48.8,520,38:48.8,521,38:48.8,522,38:48.8,523,38:48.8,524,38:48.8,525,38:48.8,525,38:48.8,523,38:48.8,,76.9680890938:48.8,519,38:48.9,515,38:48.9,510,38:48.9,507,38:48.9,506,38:48.9,505,38:48.9,506,38:48.9,507,38:48.9,509,38:48.9,511,38:48.9,513,38:48.9,516,38:48.9,518,38:48.9,520,38:48.9,521,38:48.9,521,38:48.9,520,38:48.9,519,38:48.9,518,38:48.9,,76.9651495438:48.9,518,38:48.9,518,38:48.9,518,38:48.9,519,38:48.9,518,38:48.9,517,38:48.9,516,38:49.0,515,38:49.0,514,38:49.0,514,38:49.0,514,38:49.0,514,38:49.0,514,38:49.0,515,38:49.0,,77.041410238:49.0,515,38:49.0,514,38:49.0,514,38:49.0,515,38:49.0,515,38:49.0,517,38:49.0,517,38:49.0,518,38:49.0,518,38:49.0,517,38:49.0,515,38:49.0,514,38:49.0,513,38:49.0,514,38:49.0,515,38:49.0,,77.0823567738:49.0,516,38:49.0,517,38:49.0,517,38:49.1,516,38:49.1,515,38:49.1,515,38:49.1,514,38:49.1,513,38:49.1,512,38:49.1,511,38:49.1,511,38:49.1,510,38:49.1,508,38:49.1,507,38:49.1,505,38:49.1,504,38:49.1,503,38:49.1,503,38:49.1,503,38:49.1,,77.0995107338:49.1,502,38:49.1,502,38:49.1,500,38:49.1,499,38:49.1,497,38:49.1,495,38:49.1,493,38:49.1,492,38:49.1,491,38:49.1,490,38:49.2,490,38:49.2,490,38:49.2,491,38:49.2,492,38:49.2,492,38:49.2,492,38:49.2,491,38:49.2,489,38:49.2,486,38:49.2,484,38:49.2,481,38:49.2,,76.991220838:49.2,480,38:49.2,479,38:49.2,479,38:49.2,479,38:49.2,478,38:49.2,477,38:49.2,477,38:49.2,477,38:49.2,476,38:49.2,474,38:49.2,469,38:49.2,464,38:49.2,458,38:49.3,454,38:49.3,452,38:49.3,452,38:49.3,,76.7474648838:49.3,453,38:49.3,455,38:49.3,457,38:49.3,459,38:49.3,462,38:49.3,465,38:49.3,467,38:49.3,468,38:49.3,469,38:49.3,468,38:49.3,466,38:49.3,465,38:49.3,466,38:49.3,467,38:49.3,469,38:49.3,,76.8432173338:49.3,471,38:49.3,471,38:49.3,470,38:49.3,468,38:49.3,466,38:49.3,466,38:49.3,466,38:49.4,465,38:49.4,465,38:49.4,464,38:49.4,463,38:49.4,464,38:49.4,466,38:49.4,468,38:49.4,468,38:49.4,468,38:49.4,467,38:49.4,465,38:49.4,464,38:49.4,463,38:49.4,463,38:49.4,,76.8608546438:49.4,464,38:49.4,465,38:49.4,465,38:49.4,465,38:49.4,465,38:49.4,464,38:49.4,463,38:49.4,463,38:49.4,463,38:49.4,463,38:49.4,464,38:49.5,464,38:49.5,464,38:49.5,464,38:49.5,464,38:49.5,464,38:49.5,464,38:49.5,465,38:49.5,466,38:49.5,466,38:49.5,466,38:49.5,466,38:49.5,,77.8042337438:49.5,465,38:49.5,465,38:49.5,464,38:49.5,463,38:49.5,462,38:49.5,460,38:49.5,458,38:49.5,457,38:49.5,457,38:49.5,459,38:49.5,461,38:49.5,462,38:49.5,463,38:49.5,,77.7347202538:49.5,462,38:49.6,462,38:49.6,463,38:49.6,465,38:49.6,468,38:49.6,470,38:49.6,469,38:49.6,467,38:49.6,465,38:49.6,463,38:49.6,464,38:49.6,466,38:49.6,468,38:49.6,469,38:49.6,469,38:49.6,468,38:49.6,468,38:49.6,470,38:49.6,472,38:49.6,474,38:49.6,,77.5646010938:49.6,473,38:49.6,470,38:49.6,465,38:49.6,460,38:49.6,457,38:49.6,456,38:49.7,456,38:49.7,459,38:49.7,462,38:49.7,467,38:49.7,471,38:49.7,474,38:49.7,476,38:49.7,475,38:49.7,474,38:49.7,473,38:49.7,474,38:49.7,475,38:49.7,477,38:49.7,478,38:49.7,479,38:49.7,479,38:49.7,478,38:49.7,478,38:49.7,477,38:49.7,,77.2980784438:49.7,477,38:49.7,477,38:49.7,477,38:49.7,477,38:49.7,478,38:49.7,479,38:49.8,480,38:49.8,481,38:49.8,481,38:49.8,480,38:49.8,479,38:49.8,478,38:49.8,477,38:49.8,478,38:49.8,479,38:49.8,479,38:49.8,479,38:49.8,479,38:49.8,478,38:49.8,477,38:49.8,477,38:49.8,,77.3187046238:49.8,477,38:49.8,478,38:49.8,479,38:49.8,481,38:49.8,482,38:49.8,482,38:49.8,481,38:49.8,480,38:49.8,478,38:49.8,478,38:49.9,478,38:49.9,478,38:49.9,479,38:49.9,479,38:49.9,,77.3163569338:49.9,479,38:49.9,479,38:49.9,479,38:49.9,480,38:49.9,480,38:49.9,480,38:49.9,480,38:49.9,479,38:49.9,479,38:49.9,479,38:49.9,480,38:49.9,480,38:49.9,480,38:49.9,480,38:49.9,,77.3439078338:49.9,480,38:49.9,480,38:49.9,481,38:49.9,481,38:49.9,481,38:49.9,481,38:49.9,481,38:50.0,481,38:50.0,481,38:50.0,481,38:50.0,482,38:50.0,483,38:50.0,484,38:50.0,484,38:50.0,483,38:50.0,482,38:50.0,,77.3381569638:50.0,482,38:50.0,483,38:50.0,484,38:50.0,484,38:50.0,485,38:50.0,486,38:50.0,487,38:50.0,489,38:50.0,488,38:50.0,485,38:50.0,479,38:50.0,474,38:50.0,471,38:50.0,472,38:50.0,474,38:50.0,478,38:50.1,481,38:50.1,483,38:50.1,484,38:50.1,486,38:50.1,,77.134440138:50.1,488,38:50.1,490,38:50.1,492,38:50.1,494,38:50.1,495,38:50.1,496,38:50.1,495,38:50.1,496,38:50.1,496,38:50.1,497,38:50.1,498,38:50.1,498,38:50.1,499,38:50.1,500,38:50.1,500,38:50.1,,76.9539141438:50.1,501,38:50.1,501,38:50.1,500,38:50.1,499,38:50.1,497,38:50.1,496,38:50.2,496,38:50.2,498,38:50.2,500,38:50.2,502,38:50.2,503,38:50.2,503,38:50.2,502,38:50.2,502,38:50.2,503,38:50.2,505,38:50.2,506,38:50.2,506,38:50.2,504,38:50.2,502,38:50.2,501,38:50.2,,77.0133759538:50.2,501,38:50.2,503,38:50.2,505,38:50.2,505,38:50.2,504,38:50.2,503,38:50.2,503,38:50.2,504,38:50.2,506,38:50.2,508,38:50.3,509,38:50.3,509,38:50.3,508,38:50.3,506,38:50.3,504,38:50.3,503,38:50.3,502,38:50.3,502,38:50.3,503,38:50.3,,77.9804391638:50.3,503,38:50.3,503,38:50.3,504,38:50.3,504,38:50.3,504,38:50.3,504,38:50.3,504,38:50.3,503,38:50.3,502,38:50.3,503,38:50.3,504,38:50.3,506,38:50.3,508,38:50.3,509,38:50.3,509,38:50.3,509,38:50.4,510,38:50.4,512,38:50.4,513,38:50.4,514,38:50.4,514,38:50.4,513,38:50.4,512,38:50.4,,78.1322403738:50.4,511,38:50.4,512,38:50.4,512,38:50.4,513,38:50.4,515,38:50.4,516,38:50.4,516,38:50.4,515,38:50.4,512,38:50.4,508,38:50.4,503,38:50.4,498,38:50.4,496,38:50.4,496,38:50.4,498,38:50.4,501,38:50.4,503,38:50.4,506,38:50.5,509,38:50.5,512,38:50.5,515,38:50.5,517,38:50.5,517,38:50.5,518,38:50.5,,78.2767913538:50.5,518,38:50.5,518,38:50.5,519,38:50.5,519,38:50.5,519,38:50.5,520,38:50.5,521,38:50.5,523,38:50.5,524,38:50.5,526,38:50.5,527,38:50.5,527,38:50.5,526,38:50.5,525,38:50.5,524,38:50.5,524,38:50.5,525,38:50.5,,78.3005050538:50.5,526,38:50.5,528,38:50.6,529,38:50.6,530,38:50.6,529,38:50.6,527,38:50.6,526,38:50.6,526,38:50.6,527,38:50.6,529,38:50.6,531,38:50.6,531,38:50.6,531,38:50.6,531,38:50.6,531,38:50.6,533,38:50.6,534,38:50.6,534,38:50.6,534,38:50.6,,78.0554766438:50.6,533,38:50.6,532,38:50.6,532,38:50.6,532,38:50.6,534,38:50.6,534,38:50.6,535,38:50.6,535,38:50.7,534,38:50.7,534,38:50.7,533,38:50.7,534,38:50.7,534,38:50.7,534,38:50.7,535,38:50.7,,77.8993351538:50.7,535,38:50.7,536,38:50.7,536,38:50.7,536,38:50.7,536,38:50.7,535,38:50.7,534,38:50.7,533,38:50.7,534,38:50.7,536,38:50.7,538,38:50.7,540,38:50.7,542,38:50.7,544,38:50.7,545,38:50.7,,77.85363438:50.7,545,38:50.7,544,38:50.7,543,38:50.8,542,38:50.8,542,38:50.8,543,38:50.8,545,38:50.8,547,38:50.8,549,38:50.8,552,38:50.8,553,38:50.8,553,38:50.8,554,38:50.8,556,38:50.8,558,38:50.8,,77.8975102638:50.8,560,38:50.8,560,38:50.8,557,38:50.8,551,38:50.8,546,38:50.8,543,38:50.8,543,38:50.8,544,38:50.8,546,38:50.8,549,38:50.8,551,38:50.8,554,38:50.8,558,38:50.9,561,38:50.9,563,38:50.9,563,38:50.9,562,38:50.9,560,38:50.9,559,38:50.9,559,38:50.9,,78.0334990538:50.9,560,38:50.9,561,38:50.9,560,38:50.9,558,38:50.9,556,38:50.9,554,38:50.9,553,38:50.9,552,38:50.9,551,38:50.9,550,38:50.9,549,38:50.9,548,38:50.9,547,38:50.9,546,38:50.9,546,38:50.9,547,38:50.9,547,38:50.9,547,38:50.9,,77.8101917638:51.0,546,38:51.0,544,38:51.0,541,38:51.0,539,38:51.0,539,38:51.0,539,38:51.0,541,38:51.0,542,38:51.0,542,38:51.0,541,38:51.0,539,38:51.0,537,38:51.0,536,38:51.0,535,38:51.0,534,38:51.0,533,38:51.0,532,38:51.0,533,38:51.0,534,38:51.0,534,38:51.0,,77.6272983738:51.0,534,38:51.0,532,38:51.0,530,38:51.0,529,38:51.0,528,38:51.1,528,38:51.1,528,38:51.1,527,38:51.1,527,38:51.1,526,38:51.1,525,38:51.1,523,38:51.1,521,38:51.1,520,38:51.1,519,38:51.1,519,38:51.1,519,38:51.1,519,38:51.1,518,38:51.1,517,38:51.1,517,38:51.1,,78.540581638:51.1,517,38:51.1,516,38:51.1,515,38:51.1,514,38:51.1,514,38:51.1,515,38:51.1,516,38:51.1,517,38:51.1,517,38:51.2,516,38:51.2,515,38:51.2,515,38:51.2,513,38:51.2,512,38:51.2,511,38:51.2,511,38:51.2,512,38:51.2,513,38:51.2,514,38:51.2,,78.1970091538:51.2,512,38:51.2,509,38:51.2,504,38:51.2,497,38:51.2,492,38:51.2,488,38:51.2,487,38:51.2,488,38:51.2,490,38:51.2,493,38:51.2,496,38:51.2,500,38:51.2,503,38:51.2,505,38:51.2,506,38:51.3,506,38:51.3,506,38:51.3,506,38:51.3,506,38:51.3,505,38:51.3,505,38:51.3,504,38:51.3,504,38:51.3,503,38:51.3,502,38:51.3,500,38:51.3,498,38:51.3,,78.0920730738:51.3,497,38:51.3,495,38:51.3,495,38:51.3,494,38:51.3,494,38:51.3,494,38:51.3,493,38:51.3,491,38:51.3,489,38:51.3,487,38:51.3,486,38:51.3,485,38:51.3,484,38:51.4,483,38:51.4,482,38:51.4,482,38:51.4,481,38:51.4,482,38:51.4,482,38:51.4,482,38:51.4,481,38:51.4,479,38:51.4,476,38:51.4,474,38:51.4,472,38:51.4,471,38:51.4,471,38:51.4,472,38:51.4,472,38:51.4,471,38:51.4,470,38:51.4,468,38:51.4,468,38:51.4,467,38:51.4,,77.9544073538:51.4,467,38:51.4,466,38:51.4,464,38:51.4,461,38:51.5,459,38:51.5,458,38:51.5,459,38:51.5,461,38:51.5,462,38:51.5,462,38:51.5,461,38:51.5,460,38:51.5,458,38:51.5,458,38:51.5,457,38:51.5,456,38:51.5,455,38:51.5,454,38:51.5,454,38:51.5,453,38:51.5,453,38:51.5,453,38:51.5,453,38:51.5,454,38:51.5,454,38:51.5,454,38:51.5,455,38:51.5,455,38:51.5,456,38:51.6,456,38:51.6,455,38:51.6,455,38:51.6,,77.1705531938:51.6,455,38:51.6,455,38:51.6,457,38:51.6,458,38:51.6,459,38:51.6,458,38:51.6,455,38:51.6,450,38:51.6,444,38:51.6,439,38:51.6,437,38:51.6,438,38:51.6,440,38:51.6,444,38:51.6,447,38:51.6,449,38:51.6,452,38:51.6,454,38:51.6,455,38:51.6,456,38:51.6,457,38:51.6,,77.7773240238:51.6,458,38:51.7,458,38:51.7,459,38:51.7,460,38:51.7,460,38:51.7,460,38:51.7,460,38:51.7,459,38:51.7,458,38:51.7,458,38:51.7,459,38:51.7,460,38:51.7,460,38:51.7,460,38:51.7,459,38:51.7,459,38:51.7,459,38:51.7,461,38:51.7,462,38:51.7,463,38:51.7,463,38:51.7,,77.5546973638:51.7,463,38:51.7,462,38:51.7,461,38:51.7,461,38:51.7,462,38:51.8,463,38:51.8,465,38:51.8,466,38:51.8,466,38:51.8,466,38:51.8,465,38:51.8,465,38:51.8,464,38:51.8,464,38:51.8,464,38:51.8,463,38:51.8,463,38:51.8,,77.3190005538:51.8,463,38:51.8,463,38:51.8,463,38:51.8,463,38:51.8,464,38:51.8,464,38:51.8,464,38:51.8,464,38:51.8,464,38:51.8,464,38:51.8,464,38:51.8,464,38:51.8,463,38:51.9,463,38:51.9,464,38:51.9,465,38:51.9,,77.9545454538:51.9,466,38:51.9,466,38:51.9,465,38:51.9,464,38:51.9,463,38:51.9,463,38:51.9,464,38:51.9,466,38:51.9,467,38:51.9,468,38:51.9,468,38:51.9,468,38:51.9,469,38:51.9,,77.6135081338:51.9,469,38:51.9,469,38:51.9,468,38:51.9,468,38:51.9,467,38:51.9,467,38:51.9,467,38:51.9,469,38:51.9,471,38:52.0,472,38:52.0,472,38:52.0,473,38:52.0,473,38:52.0,475,38:52.0,476,38:52.0,,76.9973169238:52.0,475,38:52.0,473,38:52.0,468,38:52.0,464,38:52.0,461,38:52.0,460,38:52.0,461,38:52.0,463,38:52.0,465,38:52.0,468,38:52.0,471,38:52.0,475,38:52.0,478,38:52.0,479,38:52.0,,77.6110913838:52.0,480,38:52.0,479,38:52.0,479,38:52.0,479,38:52.0,480,38:52.1,482,38:52.1,483,38:52.1,483,38:52.1,484,38:52.1,484,38:52.1,485,38:52.1,485,38:52.1,485,38:52.1,485,38:52.1,,77.4128689238:52.1,485,38:52.1,485,38:52.1,486,38:52.1,487,38:52.1,487,38:52.1,488,38:52.1,489,38:52.1,490,38:52.1,490,38:52.1,491,38:52.1,491,38:52.1,492,38:52.1,493,38:52.1,495,38:52.1,495,38:52.1,,77.1463561438:52.1,495,38:52.2,494,38:52.2,493,38:52.2,494,38:52.2,497,38:52.2,500,38:52.2,503,38:52.2,504,38:52.2,503,38:52.2,502,38:52.2,500,38:52.2,499,38:52.2,498,38:52.2,498,38:52.2,499,38:52.2,501,38:52.2,503,38:52.2,505,38:52.2,505,38:52.2,505,38:52.2,503,38:52.2,501,38:52.2,,77.8563959938:52.2,501,38:52.2,502,38:52.2,504,38:52.2,505,38:52.3,505,38:52.3,504,38:52.3,502,38:52.3,502,38:52.3,502,38:52.3,503,38:52.3,505,38:52.3,506,38:52.3,507,38:52.3,,77.8601740138:52.3,507,38:52.3,507,38:52.3,507,38:52.3,508,38:52.3,510,38:52.3,511,38:52.3,512,38:52.3,512,38:52.3,511,38:52.3,510,38:52.3,510,38:52.3,510,38:52.3,511,38:52.3,512,38:52.3,,80.194898238:52.3,512,38:52.3,513,38:52.4,514,38:52.4,517,38:52.4,518,38:52.4,518,38:52.4,515,38:52.4,511,38:52.4,506,38:52.4,502,38:52.4,502,38:52.4,503,38:52.4,506,38:52.4,508,38:52.4,511,38:52.4,513,38:52.4,515,38:52.4,,80.1328914138:52.4,517,38:52.4,520,38:52.4,522,38:52.4,523,38:52.4,525,38:52.4,525,38:52.4,526,38:52.4,527,38:52.4,528,38:52.4,530,38:52.5,531,38:52.5,532,38:52.5,533,38:52.5,535,38:52.5,537,38:52.5,539,38:52.5,539,38:52.5,539,38:52.5,539,38:52.5,540,38:52.5,542,38:52.5,543,38:52.5,543,38:52.5,,80.2034998438:52.5,542,38:52.5,540,38:52.5,540,38:52.5,541,38:52.5,544,38:52.5,548,38:52.5,552,38:52.5,554,38:52.5,555,38:52.5,555,38:52.5,554,38:52.5,554,38:52.6,553,38:52.6,553,38:52.6,,80.5149147738:52.6,553,38:52.6,552,38:52.6,552,38:52.6,552,38:52.6,551,38:52.6,550,38:52.6,549,38:52.6,549,38:52.6,550,38:52.6,550,38:52.6,549,38:52.6,548,38:52.6,547,38:52.6,,80.4706044838:52.6,546,38:52.6,547,38:52.6,548,38:52.6,549,38:52.6,549,38:52.6,549,38:52.6,548,38:52.6,547,38:52.6,547,38:52.6,547,38:52.7,546,38:52.7,546,38:52.7,545,38:52.7,544,38:52.7,543,38:52.7,543,38:52.7,543,38:52.7,,80.3966520738:52.7,543,38:52.7,542,38:52.7,542,38:52.7,542,38:52.7,542,38:52.7,544,38:52.7,544,38:52.7,544,38:52.7,542,38:52.7,539,38:52.7,537,38:52.7,537,38:52.7,537,38:52.7,538,38:52.7,538,38:52.7,538,38:52.7,538,38:52.7,539,38:52.8,540,38:52.8,540,38:52.8,537,38:52.8,532,38:52.8,,79.4478081638:52.8,527,38:52.8,523,38:52.8,522,38:52.8,522,38:52.8,523,38:52.8,523,38:52.8,524,38:52.8,526,38:52.8,529,38:52.8,532,38:52.8,534,38:52.8,534,38:52.8,533,38:52.8,531,38:52.8,530,38:52.8,531,38:52.8,,79.5340415938:52.8,531,38:52.8,533,38:52.8,533,38:52.8,532,38:52.8,531,38:52.9,529,38:52.9,528,38:52.9,528,38:52.9,529,38:52.9,530,38:52.9,529,38:52.9,528,38:52.9,526,38:52.9,,79.5993035838:52.9,525,38:52.9,525,38:52.9,526,38:52.9,527,38:52.9,528,38:52.9,528,38:52.9,527,38:52.9,526,38:52.9,525,38:52.9,525,38:52.9,525,38:52.9,525,38:52.9,524,38:52.9,523,38:52.9,521,38:52.9,519,38:52.9,519,38:53.0,519,38:53.0,520,38:53.0,521,38:53.0,,79.5770991238:53.0,521,38:53.0,521,38:53.0,520,38:53.0,519,38:53.0,518,38:53.0,517,38:53.0,516,38:53.0,516,38:53.0,517,38:53.0,517,38:53.0,517,38:53.0,515,38:53.0,513,38:53.0,512,38:53.0,512,38:53.0,514,38:53.0,516,38:53.0,517,38:53.0,515,38:53.0,,79.6099767238:53.0,512,38:53.0,510,38:53.0,509,38:53.1,510,38:53.1,512,38:53.1,513,38:53.1,513,38:53.1,512,38:53.1,510,38:53.1,509,38:53.1,510,38:53.1,510,38:53.1,511,38:53.1,511,38:53.1,511,38:53.1,510,38:53.1,,79.4637093638:53.1,510,38:53.1,509,38:53.1,508,38:53.1,507,38:53.1,506,38:53.1,505,38:53.1,505,38:53.1,504,38:53.1,503,38:53.1,503,38:53.1,503,38:53.1,503,38:53.2,500,38:53.2,495,38:53.2,488,38:53.2,482,38:53.2,478,38:53.2,476,38:53.2,,79.3762823538:53.2,477,38:53.2,479,38:53.2,481,38:53.2,483,38:53.2,485,38:53.2,485,38:53.2,484,38:53.2,482,38:53.2,480,38:53.2,479,38:53.2,478,38:53.2,477,38:53.2,477,38:53.2,477,38:53.2,478,38:53.2,479,38:53.2,480,38:53.2,479,38:53.2,,79.4206419738:53.2,478,38:53.3,477,38:53.3,476,38:53.3,475,38:53.3,474,38:53.3,472,38:53.3,470,38:53.3,469,38:53.3,468,38:53.3,468,38:53.3,467,38:53.3,465,38:53.3,463,38:53.3,461,38:53.3,460,38:53.3,459,38:53.3,459,38:53.3,458,38:53.3,457,38:53.3,,79.4826586238:53.3,455,38:53.3,454,38:53.3,453,38:53.3,454,38:53.3,454,38:53.3,455,38:53.3,455,38:53.4,454,38:53.4,453,38:53.4,452,38:53.4,452,38:53.4,451,38:53.4,451,38:53.4,450,38:53.4,450,38:53.4,450,38:53.4,450,38:53.4,451,38:53.4,,79.4596650138:53.4,450,38:53.4,450,38:53.4,449,38:53.4,449,38:53.4,449,38:53.4,450,38:53.4,451,38:53.4,452,38:53.4,452,38:53.4,452,38:53.4,452,38:53.4,451,38:53.4,451,38:53.4,452,38:53.5,454,38:53.5,,79.4226246838:53.5,455,38:53.5,455,38:53.5,454,38:53.5,454,38:53.5,454,38:53.5,455,38:53.5,456,38:53.5,457,38:53.5,457,38:53.5,456,38:53.5,455,38:53.5,455,38:53.5,456,38:53.5,458,38:53.5,,79.1582623138:53.5,460,38:53.5,461,38:53.5,461,38:53.5,460,38:53.5,459,38:53.5,460,38:53.5,461,38:53.5,462,38:53.5,461,38:53.5,458,38:53.6,453,38:53.6,450,38:53.6,450,38:53.6,451,38:53.6,,78.9116457538:53.6,454,38:53.6,456,38:53.6,457,38:53.6,458,38:53.6,460,38:53.6,462,38:53.6,464,38:53.6,466,38:53.6,466,38:53.6,467,38:53.6,467,38:53.6,467,38:53.6,466,38:53.6,467,38:53.6,468,38:53.6,469,38:53.6,470,38:53.6,,78.8474688338:53.6,469,38:53.6,468,38:53.6,467,38:53.6,466,38:53.7,466,38:53.7,466,38:53.7,467,38:53.7,468,38:53.7,469,38:53.7,470,38:53.7,470,38:53.7,469,38:53.7,468,38:53.7,468,38:53.7,468,38:53.7,,78.8363912638:53.7,469,38:53.7,471,38:53.7,473,38:53.7,475,38:53.7,475,38:53.7,475,38:53.7,474,38:53.7,473,38:53.7,472,38:53.7,472,38:53.7,471,38:53.7,471,38:53.7,471,38:53.7,472,38:53.7,,78.8381668238:53.8,472,38:53.8,472,38:53.8,472,38:53.8,472,38:53.8,473,38:53.8,473,38:53.8,474,38:53.8,473,38:53.8,472,38:53.8,471,38:53.8,472,38:53.8,473,38:53.8,474,38:53.8,475,38:53.8,474,38:53.8,473,38:53.8,472,38:53.8,473,38:53.8,,79.653764238:53.8,474,38:53.8,476,38:53.8,476,38:53.8,475,38:53.8,474,38:53.8,473,38:53.8,474,38:53.9,476,38:53.9,478,38:53.9,479,38:53.9,480,38:53.9,479,38:53.9,479,38:53.9,,79.3373974138:53.9,478,38:53.9,478,38:53.9,479,38:53.9,480,38:53.9,481,38:53.9,481,38:53.9,480,38:53.9,479,38:53.9,478,38:53.9,479,38:53.9,480,38:53.9,483,38:53.9,486,38:53.9,487,38:53.9,486,38:53.9,481,38:53.9,475,38:53.9,470,38:53.9,,79.2256352638:53.9,467,38:54.0,467,38:54.0,470,38:54.0,473,38:54.0,477,38:54.0,480,38:54.0,483,38:54.0,485,38:54.0,488,38:54.0,490,38:54.0,493,38:54.0,495,38:54.0,495,38:54.0,494,38:54.0,493,38:54.0,492,38:54.0,,79.3238340438:54.0,493,38:54.0,495,38:54.0,497,38:54.0,498,38:54.0,498,38:54.0,496,38:54.0,494,38:54.0,493,38:54.0,493,38:54.0,495,38:54.1,496,38:54.1,498,38:54.1,498,38:54.1,498,38:54.1,498,38:54.1,498,38:54.1,500,38:54.1,502,38:54.1,504,38:54.1,504,38:54.1,,79.3104087838:54.1,503,38:54.1,502,38:54.1,501,38:54.1,502,38:54.1,503,38:54.1,504,38:54.1,505,38:54.1,506,38:54.1,506,38:54.1,506,38:54.1,506,38:54.1,506,38:54.1,506,38:54.1,,79.2775607638:54.1,506,38:54.1,507,38:54.2,507,38:54.2,508,38:54.2,508,38:54.2,508,38:54.2,509,38:54.2,511,38:54.2,512,38:54.2,514,38:54.2,516,38:54.2,517,38:54.2,518,38:54.2,518,38:54.2,519,38:54.2,519,38:54.2,519,38:54.2,519,38:54.2,520,38:54.2,521,38:54.2,523,38:54.2,,79.2695016638:54.2,524,38:54.2,525,38:54.2,526,38:54.2,527,38:54.2,530,38:54.2,533,38:54.3,536,38:54.3,539,38:54.3,540,38:54.3,540,38:54.3,540,38:54.3,541,38:54.3,543,38:54.3,545,38:54.3,,78.9952750238:54.3,546,38:54.3,547,38:54.3,547,38:54.3,548,38:54.3,549,38:54.3,551,38:54.3,552,38:54.3,554,38:54.3,556,38:54.3,556,38:54.3,555,38:54.3,552,38:54.3,547,38:54.3,543,38:54.3,540,38:54.3,539,38:54.3,541,38:54.4,544,38:54.4,,78.9057469238:54.4,547,38:54.4,550,38:54.4,552,38:54.4,554,38:54.4,556,38:54.4,557,38:54.4,559,38:54.4,560,38:54.4,560,38:54.4,560,38:54.4,560,38:54.4,561,38:54.4,562,38:54.4,563,38:54.4,563,38:54.4,564,38:54.4,566,38:54.4,568,38:54.4,,78.9931048838:54.4,572,38:54.4,575,38:54.4,577,38:54.4,578,38:54.4,578,38:54.4,578,38:54.5,579,38:54.5,580,38:54.5,582,38:54.5,583,38:54.5,583,38:54.5,582,38:54.5,580,38:54.5,,79.9389796438:54.5,577,38:54.5,575,38:54.5,574,38:54.5,573,38:54.5,573,38:54.5,573,38:54.5,573,38:54.5,574,38:54.5,573,38:54.5,573,38:54.5,572,38:54.5,572,38:54.5,572,38:54.5,572,38:54.5,571,38:54.5,569,38:54.5,568,38:54.5,566,38:54.5,,80.015901238:54.6,565,38:54.6,564,38:54.6,564,38:54.6,564,38:54.6,564,38:54.6,564,38:54.6,565,38:54.6,565,38:54.6,564,38:54.6,562,38:54.6,561,38:54.6,560,38:54.6,560,38:54.6,561,38:54.6,561,38:54.6,561,38:54.6,561,38:54.6,561,38:54.6,561,38:54.6,560,38:54.6,560,38:54.6,558,38:54.6,,80.0638316838:54.6,557,38:54.6,556,38:54.6,556,38:54.7,557,38:54.7,557,38:54.7,558,38:54.7,558,38:54.7,558,38:54.7,557,38:54.7,556,38:54.7,554,38:54.7,553,38:54.7,553,38:54.7,554,38:54.7,555,38:54.7,556,38:54.7,556,38:54.7,,79.7485696838:54.7,556,38:54.7,556,38:54.7,556,38:54.7,555,38:54.7,552,38:54.7,547,38:54.7,541,38:54.7,537,38:54.7,535,38:54.7,534,38:54.7,534,38:54.7,535,38:54.8,537,38:54.8,539,38:54.8,,79.7764066438:54.8,543,38:54.8,546,38:54.8,547,38:54.8,547,38:54.8,547,38:54.8,547,38:54.8,547,38:54.8,547,38:54.8,547,38:54.8,547,38:54.8,546,38:54.8,546,38:54.8,546,38:54.8,545,38:54.8,543,38:54.8,542,38:54.8,,79.9316998138:54.8,540,38:54.8,540,38:54.8,541,38:54.8,542,38:54.8,543,38:54.8,542,38:54.9,540,38:54.9,538,38:54.9,537,38:54.9,537,38:54.9,538,38:54.9,539,38:54.9,539,38:54.9,538,38:54.9,536,38:54.9,535,38:54.9,,79.9808731838:54.9,533,38:54.9,533,38:54.9,533,38:54.9,533,38:54.9,534,38:54.9,534,38:54.9,534,38:54.9,532,38:54.9,531,38:54.9,530,38:54.9,529,38:54.9,528,38:54.9,527,38:54.9,527,38:54.9,,80.0177063638:54.9,526,38:55.0,525,38:55.0,524,38:55.0,523,38:55.0,522,38:55.0,521,38:55.0,520,38:55.0,520,38:55.0,520,38:55.0,521,38:55.0,522,38:55.0,523,38:55.0,522,38:55.0,519,38:55.0,516,38:55.0,514,38:55.0,514,38:55.0,515,38:55.0,515,38:55.0,,80.0880484538:55.0,514,38:55.0,512,38:55.0,510,38:55.0,508,38:55.0,508,38:55.0,508,38:55.0,508,38:55.1,508,38:55.1,508,38:55.1,507,38:55.1,506,38:55.1,504,38:55.1,502,38:55.1,501,38:55.1,501,38:55.1,,79.9190439638:55.1,501,38:55.1,502,38:55.1,501,38:55.1,500,38:55.1,499,38:55.1,499,38:55.1,499,38:55.1,498,38:55.1,495,38:55.1,490,38:55.1,484,38:55.1,478,38:55.1,474,38:55.1,472,38:55.1,472,38:55.1,474,38:55.1,,79.9620028438:55.1,477,38:55.2,480,38:55.2,484,38:55.2,486,38:55.2,488,38:55.2,487,38:55.2,486,38:55.2,485,38:55.2,483,38:55.2,482,38:55.2,480,38:55.2,480,38:55.2,480,38:55.2,482,38:55.2,484,38:55.2,485,38:55.2,483,38:55.2,480,38:55.2,476,38:55.2,473,38:55.2,472,38:55.2,,80.0782433738:55.2,471,38:55.2,470,38:55.2,469,38:55.2,468,38:55.2,467,38:55.3,466,38:55.3,466,38:55.3,466,38:55.3,467,38:55.3,466,38:55.3,465,38:55.3,464,38:55.3,462,38:55.3,459,38:55.3,,80.2275883838:55.3,457,38:55.3,455,38:55.3,454,38:55.3,454,38:55.3,453,38:55.3,453,38:55.3,452,38:55.3,451,38:55.3,450,38:55.3,449,38:55.3,448,38:55.3,448,38:55.3,448,38:55.3,448,38:55.3,,80.2539457138:55.3,448,38:55.3,448,38:55.4,448,38:55.4,447,38:55.4,445,38:55.4,443,38:55.4,443,38:55.4,444,38:55.4,445,38:55.4,445,38:55.4,445,38:55.4,443,38:55.4,440,38:55.4,439,38:55.4,439,38:55.4,440,38:55.4,441,38:55.4,443,38:55.4,444,38:55.4,444,38:55.4,443,38:55.4,442,38:55.4,,80.2006194838:55.4,441,38:55.4,441,38:55.4,442,38:55.4,443,38:55.4,443,38:55.5,442,38:55.5,441,38:55.5,439,38:55.5,438,38:55.5,439,38:55.5,440,38:55.5,441,38:55.5,442,38:55.5,442,38:55.5,442,38:55.5,443,38:55.5,,79.8648891338:55.5,444,38:55.5,445,38:55.5,444,38:55.5,441,38:55.5,437,38:55.5,432,38:55.5,429,38:55.5,428,38:55.5,428,38:55.5,428,38:55.5,429,38:55.5,429,38:55.5,431,38:55.5,434,38:55.6,,79.7885988838:55.6,438,38:55.6,441,38:55.6,442,38:55.6,442,38:55.6,441,38:55.6,441,38:55.6,442,38:55.6,443,38:55.6,443,38:55.6,444,38:55.6,443,38:55.6,444,38:55.6,444,38:55.6,445,38:55.6,446,38:55.6,445,38:55.6,444,38:55.6,443,38:55.6,442,38:55.6,,79.7659603938:55.6,443,38:55.6,444,38:55.6,445,38:55.6,445,38:55.6,444,38:55.6,444,38:55.7,443,38:55.7,442,38:55.7,440,38:55.7,439,38:55.7,438,38:55.7,438,38:55.7,438,38:55.7,438,38:55.7,438,38:55.7,438,38:55.7,438,38:55.7,438,38:55.7,438,38:55.7,,79.7741773238:55.7,438,38:55.7,438,38:55.7,438,38:55.7,437,38:55.7,437,38:55.7,438,38:55.7,438,38:55.7,438,38:55.7,437,38:55.7,436,38:55.7,435,38:55.7,434,38:55.8,434,38:55.8,436,38:55.8,439,38:55.8,441,38:55.8,443,38:55.8,443,38:55.8,,79.7358349138:55.8,441,38:55.8,439,38:55.8,438,38:55.8,438,38:55.8,439,38:55.8,440,38:55.8,441,38:55.8,442,38:55.8,441,38:55.8,441,38:55.8,441,38:55.8,441,38:55.8,441,38:55.8,441,38:55.8,442,38:55.8,,79.7438644338:55.8,442,38:55.8,443,38:55.8,444,38:55.8,445,38:55.9,447,38:55.9,448,38:55.9,449,38:55.9,449,38:55.9,449,38:55.9,449,38:55.9,448,38:55.9,448,38:55.9,449,38:55.9,452,38:55.9,454,38:55.9,454,38:55.9,,79.563742938:55.9,450,38:55.9,444,38:55.9,437,38:55.9,432,38:55.9,431,38:55.9,434,38:55.9,438,38:55.9,442,38:55.9,446,38:55.9,450,38:55.9,452,38:55.9,455,38:55.9,456,38:56.0,457,38:56.0,457,38:56.0,456,38:56.0,455,38:56.0,455,38:56.0,456,38:56.0,456,38:56.0,457,38:56.0,458,38:56.0,,79.6053602438:56.0,459,38:56.0,460,38:56.0,460,38:56.0,460,38:56.0,460,38:56.0,460,38:56.0,460,38:56.0,461,38:56.0,461,38:56.0,460,38:56.0,460,38:56.0,460,38:56.0,462,38:56.0,,79.799883638:56.0,463,38:56.0,465,38:56.0,465,38:56.1,465,38:56.1,464,38:56.1,464,38:56.1,464,38:56.1,465,38:56.1,466,38:56.1,467,38:56.1,468,38:56.1,468,38:56.1,469,38:56.1,470,38:56.1,471,38:56.1,472,38:56.1,473,38:56.1,473,38:56.1,472,38:56.1,471,38:56.1,,79.8272076238:56.1,471,38:56.1,472,38:56.1,473,38:56.1,475,38:56.1,476,38:56.1,476,38:56.1,475,38:56.1,475,38:56.2,476,38:56.2,478,38:56.2,481,38:56.2,482,38:56.2,482,38:56.2,481,38:56.2,480,38:56.2,480,38:56.2,481,38:56.2,,79.8246133238:56.2,483,38:56.2,485,38:56.2,487,38:56.2,488,38:56.2,487,38:56.2,487,38:56.2,487,38:56.2,488,38:56.2,490,38:56.2,492,38:56.2,495,38:56.2,498,38:56.2,500,38:56.2,502,38:56.2,,79.6103515638:56.2,504,38:56.2,505,38:56.3,505,38:56.3,505,38:56.3,504,38:56.3,502,38:56.3,501,38:56.3,502,38:56.3,504,38:56.3,506,38:56.3,508,38:56.3,508,38:56.3,506,38:56.3,501,38:56.3,497,38:56.3,494,38:56.3,,79.3443517238:56.3,493,38:56.3,494,38:56.3,496,38:56.3,499,38:56.3,502,38:56.3,506,38:56.3,510,38:56.3,513,38:56.3,516,38:56.3,517,38:56.3,516,38:56.4,516,38:56.4,515,38:56.4,514,38:56.4,515,38:56.4,516,38:56.4,518,38:56.4,520,38:56.4,,79.398989938:56.4,522,38:56.4,523,38:56.4,522,38:56.4,521,38:56.4,520,38:56.4,519,38:56.4,519,38:56.4,520,38:56.4,521,38:56.4,523,38:56.4,523,38:56.4,524,38:56.4,525,38:56.4,526,38:56.4,526,38:56.4,525,38:56.4,523,38:56.4,,79.4751519138:56.4,522,38:56.5,522,38:56.5,522,38:56.5,523,38:56.5,524,38:56.5,525,38:56.5,526,38:56.5,526,38:56.5,526,38:56.5,526,38:56.5,525,38:56.5,525,38:56.5,525,38:56.5,526,38:56.5,527,38:56.5,527,38:56.5,527,38:56.5,527,38:56.5,526,38:56.5,527,38:56.5,529,38:56.5,530,38:56.5,532,38:56.5,532,38:56.5,,79.4996646138:56.5,533,38:56.5,533,38:56.6,534,38:56.6,535,38:56.6,535,38:56.6,535,38:56.6,534,38:56.6,533,38:56.6,533,38:56.6,534,38:56.6,534,38:56.6,535,38:56.6,536,38:56.6,537,38:56.6,538,38:56.6,,79.6281762938:56.6,539,38:56.6,540,38:56.6,540,38:56.6,540,38:56.6,540,38:56.6,540,38:56.6,541,38:56.6,541,38:56.6,542,38:56.6,542,38:56.6,543,38:56.6,543,38:56.7,544,38:56.7,544,38:56.7,544,38:56.7,544,38:56.7,545,38:56.7,548,38:56.7,,79.5136422838:56.7,550,38:56.7,551,38:56.7,548,38:56.7,543,38:56.7,536,38:56.7,530,38:56.7,527,38:56.7,528,38:56.7,531,38:56.7,535,38:56.7,538,38:56.7,541,38:56.7,543,38:56.7,545,38:56.7,547,38:56.7,548,38:56.7,549,38:56.7,,79.3195628238:56.7,549,38:56.7,549,38:56.8,549,38:56.8,548,38:56.8,549,38:56.8,550,38:56.8,551,38:56.8,552,38:56.8,553,38:56.8,553,38:56.8,552,38:56.8,552,38:56.8,552,38:56.8,553,38:56.8,554,38:56.8,555,38:56.8,556,38:56.8,557,38:56.8,559,38:56.8,558,38:56.8,557,38:56.8,555,38:56.8,,79.4779040438:56.8,553,38:56.8,552,38:56.8,552,38:56.8,553,38:56.8,553,38:56.9,553,38:56.9,552,38:56.9,552,38:56.9,552,38:56.9,553,38:56.9,554,38:56.9,554,38:56.9,553,38:56.9,551,38:56.9,550,38:56.9,,79.6652264838:56.9,550,38:56.9,550,38:56.9,550,38:56.9,550,38:56.9,549,38:56.9,548,38:56.9,546,38:56.9,545,38:56.9,546,38:56.9,547,38:56.9,547,38:56.9,547,38:56.9,546,38:56.9,546,38:56.9,548,38:57.0,552,38:57.0,556,38:57.0,559,38:57.0,561,38:57.0,,80.4769077538:57.0,561,38:57.0,560,38:57.0,560,38:57.0,560,38:57.0,560,38:57.0,559,38:57.0,559,38:57.0,559,38:57.0,558,38:57.0,557,38:57.0,557,38:57.0,557,38:57.0,557,38:57.0,558,38:57.0,558,38:57.0,558,38:57.0,,80.5306384238:57.0,556,38:57.0,555,38:57.0,555,38:57.0,554,38:57.0,552,38:57.1,551,38:57.1,549,38:57.1,548,38:57.1,549,38:57.1,551,38:57.1,551,38:57.1,549,38:57.1,545,38:57.1,539,38:57.1,534,38:57.1,531,38:57.1,530,38:57.1,530,38:57.1,,80.4103140838:57.1,531,38:57.1,532,38:57.1,534,38:57.1,536,38:57.1,540,38:57.1,543,38:57.1,544,38:57.1,543,38:57.1,542,38:57.1,540,38:57.1,538,38:57.1,536,38:57.2,535,38:57.2,533,38:57.2,,80.2756865538:57.2,532,38:57.2,531,38:57.2,529,38:57.2,528,38:57.2,526,38:57.2,524,38:57.2,523,38:57.2,522,38:57.2,521,38:57.2,520,38:57.2,520,38:57.2,520,38:57.2,,80.3746054338:57.2,518,38:57.2,515,38:57.2,512,38:57.2,509,38:57.2,507,38:57.2,505,38:57.2,504,38:57.2,502,38:57.2,500,38:57.2,499,38:57.2,498,38:57.3,498,38:57.3,498,38:57.3,497,38:57.3,496,38:57.3,494,38:57.3,493,38:57.3,492,38:57.3,492,38:57.3,491,38:57.3,,80.4841086638:57.3,490,38:57.3,489,38:57.3,488,38:57.3,487,38:57.3,485,38:57.3,483,38:57.3,481,38:57.3,480,38:57.3,480,38:57.3,480,38:57.3,479,38:57.3,478,38:57.3,477,38:57.3,476,38:57.3,476,38:57.3,475,38:57.4,475,38:57.4,474,38:57.4,473,38:57.4,,80.6058041438:57.4,473,38:57.4,472,38:57.4,471,38:57.4,470,38:57.4,468,38:57.4,466,38:57.4,466,38:57.4,466,38:57.4,467,38:57.4,467,38:57.4,467,38:57.4,466,38:57.4,466,38:57.4,467,38:57.4,,80.686148638:57.4,468,38:57.4,468,38:57.4,467,38:57.4,466,38:57.4,464,38:57.4,463,38:57.4,462,38:57.4,462,38:57.5,462,38:57.5,462,38:57.5,463,38:57.5,463,38:57.5,461,38:57.5,457,38:57.5,,80.4500769438:57.5,453,38:57.5,449,38:57.5,446,38:57.5,444,38:57.5,443,38:57.5,443,38:57.5,443,38:57.5,445,38:57.5,449,38:57.5,453,38:57.5,456,38:57.5,458,38:57.5,458,38:57.5,457,38:57.5,,80.3085444338:57.5,457,38:57.5,457,38:57.5,458,38:57.5,459,38:57.5,459,38:57.5,459,38:57.6,459,38:57.6,459,38:57.6,458,38:57.6,457,38:57.6,456,38:57.6,456,38:57.6,457,38:57.6,458,38:57.6,458,38:57.6,458,38:57.6,,80.3666252438:57.6,457,38:57.6,456,38:57.6,454,38:57.6,452,38:57.6,451,38:57.6,449,38:57.6,448,38:57.6,449,38:57.6,449,38:57.6,450,38:57.6,450,38:57.6,450,38:57.6,450,38:57.6,451,38:57.6,,80.3103693238:57.7,452,38:57.7,453,38:57.7,453,38:57.7,454,38:57.7,454,38:57.7,453,38:57.7,453,38:57.7,452,38:57.7,453,38:57.7,453,38:57.7,454,38:57.7,454,38:57.7,455,38:57.7,455,38:57.7,,80.2507102338:57.7,455,38:57.7,455,38:57.7,453,38:57.7,452,38:57.7,452,38:57.7,453,38:57.7,454,38:57.7,455,38:57.7,455,38:57.7,453,38:57.7,452,38:57.8,451,38:57.8,451,38:57.8,,80.2069523438:57.8,452,38:57.8,453,38:57.8,455,38:57.8,456,38:57.8,458,38:57.8,458,38:57.8,457,38:57.8,455,38:57.8,454,38:57.8,454,38:57.8,455,38:57.8,457,38:57.8,459,38:57.8,459,38:57.8,459,38:57.8,,79.9762961638:57.8,458,38:57.8,457,38:57.8,457,38:57.8,458,38:57.8,459,38:57.8,460,38:57.8,460,38:57.8,461,38:57.9,461,38:57.9,461,38:57.9,459,38:57.9,456,38:57.9,452,38:57.9,448,38:57.9,,79.9534801138:57.9,447,38:57.9,448,38:57.9,451,38:57.9,454,38:57.9,456,38:57.9,457,38:57.9,458,38:57.9,460,38:57.9,462,38:57.9,464,38:57.9,466,38:57.9,467,38:57.9,467,38:57.9,466,38:57.9,466,38:57.9,466,38:57.9,467,38:57.9,468,38:57.9,469,38:58.0,470,38:58.0,470,38:58.0,,80.0652915938:58.0,469,38:58.0,469,38:58.0,468,38:58.0,468,38:58.0,468,38:58.0,468,38:58.0,468,38:58.0,469,38:58.0,470,38:58.0,471,38:58.0,472,38:58.0,474,38:58.0,475,38:58.0,476,38:58.0,475,38:58.0,,80.0412227738:58.0,474,38:58.0,473,38:58.0,472,38:58.0,471,38:58.0,472,38:58.0,473,38:58.0,474,38:58.0,476,38:58.1,478,38:58.1,478,38:58.1,477,38:58.1,475,38:58.1,474,38:58.1,473,38:58.1,,80.1091678538:58.1,474,38:58.1,474,38:58.1,475,38:58.1,475,38:58.1,476,38:58.1,476,38:58.1,477,38:58.1,477,38:58.1,476,38:58.1,476,38:58.1,476,38:58.1,476,38:58.1,476,38:58.1,476,38:58.1,476,38:58.1,475,38:58.1,,80.1829624438:58.1,474,38:58.1,473,38:58.1,473,38:58.2,473,38:58.2,474,38:58.2,476,38:58.2,477,38:58.2,479,38:58.2,479,38:58.2,479,38:58.2,479,38:58.2,479,38:58.2,479,38:58.2,479,38:58.2,479,38:58.2,478,38:58.2,479,38:58.2,,79.8870146838:58.2,481,38:58.2,483,38:58.2,485,38:58.2,485,38:58.2,484,38:58.2,484,38:58.2,485,38:58.2,487,38:58.2,489,38:58.2,490,38:58.3,490,38:58.3,487,38:58.3,482,38:58.3,477,38:58.3,473,38:58.3,,79.781664338:58.3,470,38:58.3,469,38:58.3,471,38:58.3,474,38:58.3,478,38:58.3,481,38:58.3,483,38:58.3,485,38:58.3,487,38:58.3,490,38:58.3,493,38:58.3,496,38:58.3,498,38:58.3,498,38:58.3,497,38:58.3,495,38:58.3,494,38:58.3,494,38:58.3,494,38:58.3,495,38:58.4,497,38:58.4,498,38:58.4,498,38:58.4,499,38:58.4,499,38:58.4,,79.893909838:58.4,500,38:58.4,501,38:58.4,503,38:58.4,504,38:58.4,506,38:58.4,506,38:58.4,507,38:58.4,507,38:58.4,507,38:58.4,507,38:58.4,508,38:58.4,508,38:58.4,509,38:58.4,509,38:58.4,,79.8990392238:58.4,509,38:58.4,509,38:58.4,509,38:58.4,510,38:58.4,511,38:58.4,511,38:58.5,511,38:58.5,511,38:58.5,510,38:58.5,510,38:58.5,509,38:58.5,509,38:58.5,509,38:58.5,509,38:58.5,509,38:58.5,,79.969854838:58.5,510,38:58.5,510,38:58.5,511,38:58.5,510,38:58.5,509,38:58.5,508,38:58.5,508,38:58.5,508,38:58.5,509,38:58.5,510,38:58.5,510,38:58.5,510,38:58.5,510,38:58.5,,80.2707642838:58.5,510,38:58.5,510,38:58.5,511,38:58.6,511,38:58.6,511,38:58.6,511,38:58.6,512,38:58.6,512,38:58.6,513,38:58.6,514,38:58.6,516,38:58.6,517,38:58.6,519,38:58.6,520,38:58.6,520,38:58.6,520,38:58.6,519,38:58.6,519,38:58.6,520,38:58.6,521,38:58.6,,80.1265486938:58.6,522,38:58.6,523,38:58.6,523,38:58.6,522,38:58.6,520,38:58.6,519,38:58.6,519,38:58.6,519,38:58.7,519,38:58.7,518,38:58.7,514,38:58.7,510,38:58.7,507,38:58.7,507,38:58.7,508,38:58.7,511,38:58.7,,80.2820095538:58.7,514,38:58.7,516,38:58.7,519,38:58.7,522,38:58.7,525,38:58.7,527,38:58.7,527,38:58.7,526,38:58.7,524,38:58.7,523,38:58.7,524,38:58.7,526,38:58.7,528,38:58.7,531,38:58.7,534,38:58.7,,80.4517341438:58.7,535,38:58.7,536,38:58.8,535,38:58.8,535,38:58.8,536,38:58.8,538,38:58.8,540,38:58.8,541,38:58.8,540,38:58.8,539,38:58.8,537,38:58.8,536,38:58.8,537,38:58.8,538,38:58.8,539,38:58.8,,80.6317372938:58.8,539,38:58.8,538,38:58.8,537,38:58.8,537,38:58.8,539,38:58.8,541,38:58.8,543,38:58.8,544,38:58.8,543,38:58.8,541,38:58.8,539,38:58.8,538,38:58.9,538,38:58.9,537,38:58.9,537,38:58.9,536,38:58.9,535,38:58.9,534,38:58.9,535,38:58.9,,80.9195075838:58.9,537,38:58.9,538,38:58.9,540,38:58.9,540,38:58.9,539,38:58.9,537,38:58.9,536,38:58.9,537,38:58.9,538,38:58.9,540,38:58.9,542,38:58.9,543,38:58.9,542,38:58.9,540,38:58.9,538,38:58.9,,80.9881431538:58.9,538,38:58.9,539,38:58.9,542,38:59.0,545,38:59.0,546,38:59.0,546,38:59.0,543,38:59.0,541,38:59.0,540,38:59.0,540,38:59.0,541,38:59.0,541,38:59.0,542,38:59.0,542,38:59.0,541,38:59.0,542,38:59.0,543,38:59.0,544,38:59.0,546,38:59.0,547,38:59.0,547,38:59.0,,80.8972833838:59.0,545,38:59.0,544,38:59.0,543,38:59.0,543,38:59.0,544,38:59.0,544,38:59.0,543,38:59.1,538,38:59.1,532,38:59.1,527,38:59.1,523,38:59.1,522,38:59.1,524,38:59.1,527,38:59.1,532,38:59.1,536,38:59.1,539,38:59.1,542,38:59.1,544,38:59.1,545,38:59.1,545,38:59.1,546,38:59.1,546,38:59.1,546,38:59.1,545,38:59.1,,81.0461351838:59.1,543,38:59.1,542,38:59.1,540,38:59.1,540,38:59.1,540,38:59.1,541,38:59.1,542,38:59.2,542,38:59.2,542,38:59.2,542,38:59.2,542,38:59.2,543,38:59.2,544,38:59.2,545,38:59.2,545,38:59.2,545,38:59.2,543,38:59.2,542,38:59.2,541,38:59.2,540,38:59.2,,80.3494712838:59.2,539,38:59.2,537,38:59.2,537,38:59.2,537,38:59.2,537,38:59.2,538,38:59.2,537,38:59.2,537,38:59.2,536,38:59.2,536,38:59.2,535,38:59.2,535,38:59.2,533,38:59.2,531,38:59.3,529,38:59.3,529,38:59.3,529,38:59.3,529,38:59.3,,80.360065538:59.3,529,38:59.3,527,38:59.3,526,38:59.3,524,38:59.3,524,38:59.3,523,38:59.3,522,38:59.3,520,38:59.3,518,38:59.3,517,38:59.3,517,38:59.3,518,38:59.3,518,38:59.3,518,38:59.3,,80.3650765538:59.3,517,38:59.3,516,38:59.3,516,38:59.3,516,38:59.3,515,38:59.3,514,38:59.4,513,38:59.4,511,38:59.4,510,38:59.4,509,38:59.4,510,38:59.4,511,38:59.4,511,38:59.4,,80.4663727138:59.4,511,38:59.4,509,38:59.4,507,38:59.4,507,38:59.4,508,38:59.4,509,38:59.4,510,38:59.4,509,38:59.4,507,38:59.4,504,38:59.4,503,38:59.4,504,38:59.4,506,38:59.4,507,38:59.4,,80.3557252238:59.4,505,38:59.4,501,38:59.4,495,38:59.4,490,38:59.4,486,38:59.5,486,38:59.5,488,38:59.5,491,38:59.5,494,38:59.5,496,38:59.5,497,38:59.5,498,38:59.5,500,38:59.5,502,38:59.5,,80.5481080338:59.5,503,38:59.5,504,38:59.5,503,38:59.5,502,38:59.5,502,38:59.5,503,38:59.5,503,38:59.5,503,38:59.5,503,38:59.5,502,38:59.5,503,38:59.5,503,38:59.5,503,38:59.5,503,38:59.5,,80.4884686738:59.5,503,38:59.6,502,38:59.6,502,38:59.6,501,38:59.6,501,38:59.6,502,38:59.6,503,38:59.6,503,38:59.6,504,38:59.6,503,38:59.6,501,38:59.6,500,38:59.6,500,38:59.6,502,38:59.6,504,38:59.6,,80.294418838:59.6,505,38:59.6,504,38:59.6,503,38:59.6,502,38:59.6,501,38:59.6,500,38:59.6,500,38:59.6,500,38:59.6,501,38:59.6,501,38:59.6,501,38:59.7,501,38:59.7,501,38:59.7,501,38:59.7,502,38:59.7,502,38:59.7,502,38:59.7,,80.2234256638:59.7,502,38:59.7,501,38:59.7,501,38:59.7,502,38:59.7,503,38:59.7,504,38:59.7,503,38:59.7,502,38:59.7,502,38:59.7,501,38:59.7,500,38:59.7,498,38:59.7,497,38:59.7,497,38:59.7,498,38:59.7,500,38:59.7,,80.1270616338:59.7,502,38:59.7,503,38:59.7,503,38:59.7,502,38:59.8,501,38:59.8,500,38:59.8,500,38:59.8,500,38:59.8,500,38:59.8,499,38:59.8,499,38:59.8,500,38:59.8,500,38:59.8,500,38:59.8,499,38:59.8,498,38:59.8,497,38:59.8,497,38:59.8,496,38:59.8,495,38:59.8,,79.8498263938:59.8,494,38:59.8,493,38:59.8,492,38:59.8,490,38:59.8,486,38:59.8,481,38:59.8,477,38:59.8,475,38:59.9,475,38:59.9,477,38:59.9,479,38:59.9,481,38:59.9,482,38:59.9,482,38:59.9,,79.8153507738:59.9,482,38:59.9,481,38:59.9,481,38:59.9,483,38:59.9,485,38:59.9,486,38:59.9,487,38:59.9,488,38:59.9,488,38:59.9,488,38:59.9,488,38:59.9,488,38:59.9,487,38:59.9,486,38:59.9,486,38:59.9,,79.888721238:59.9,485,38:59.9,485,38:59.9,485,38:59.9,485,39:00.0,485,39:00.0,484,39:00.0,484,39:00.0,485,39:00.0,485,39:00.0,485,39:00.0,486,39:00.0,486,39:00.0,486,39:00.0,488,39:00.0,489,39:00.0,490,39:00.0,491,39:00.0,491,39:00.0,490,39:00.0,490,39:00.0,490,39:00.0,,79.8999861939:00.0,490,39:00.0,490,39:00.0,491,39:00.0,492,39:00.0,493,39:00.0,494,39:00.0,495,39:00.0,496,39:00.1,496,39:00.1,495,39:00.1,493,39:00.1,492,39:00.1,490,39:00.1,,79.8555476639:00.1,490,39:00.1,490,39:00.1,490,39:00.1,491,39:00.1,491,39:00.1,491,39:00.1,491,39:00.1,492,39:00.1,493,39:00.1,492,39:00.1,489,39:00.1,487,39:00.1,486,39:00.1,487,39:00.1,489,39:00.1,491,39:00.1,,79.8050426139:00.1,492,39:00.1,492,39:00.1,491,39:00.1,491,39:00.2,490,39:00.2,489,39:00.2,488,39:00.2,488,39:00.2,489,39:00.2,490,39:00.2,492,39:00.2,493,39:00.2,492,39:00.2,492,39:00.2,492,39:00.2,494,39:00.2,495,39:00.2,497,39:00.2,498,39:00.2,499,39:00.2,500,39:00.2,,79.6667061239:00.2,500,39:00.2,498,39:00.2,493,39:00.2,488,39:00.2,483,39:00.2,480,39:00.2,480,39:00.2,482,39:00.3,483,39:00.3,486,39:00.3,489,39:00.3,494,39:00.3,498,39:00.3,501,39:00.3,502,39:00.3,,79.7097932439:00.3,501,39:00.3,499,39:00.3,497,39:00.3,496,39:00.3,496,39:00.3,497,39:00.3,498,39:00.3,498,39:00.3,499,39:00.3,500,39:00.3,501,39:00.3,502,39:00.3,501,39:00.3,499,39:00.3,497,39:00.3,495,39:00.3,495,39:00.3,,79.9179194339:00.3,496,39:00.4,498,39:00.4,500,39:00.4,501,39:00.4,502,39:00.4,502,39:00.4,503,39:00.4,504,39:00.4,505,39:00.4,505,39:00.4,503,39:00.4,502,39:00.4,501,39:00.4,502,39:00.4,,79.8527659439:00.4,503,39:00.4,504,39:00.4,503,39:00.4,502,39:00.4,500,39:00.4,501,39:00.4,503,39:00.4,504,39:00.4,505,39:00.4,504,39:00.4,501,39:00.4,499,39:00.5,498,39:00.5,498,39:00.5,499,39:00.5,499,39:00.5,498,39:00.5,,79.8302260939:00.5,497,39:00.5,497,39:00.5,497,39:00.5,498,39:00.5,498,39:00.5,499,39:00.5,500,39:00.5,501,39:00.5,501,39:00.5,501,39:00.5,501,39:00.5,499,39:00.5,497,39:00.5,496,39:00.5,496,39:00.5,498,39:00.5,499,39:00.5,500,39:00.5,501,39:00.5,501,39:00.6,502,39:00.6,504,39:00.6,505,39:00.6,505,39:00.6,505,39:00.6,,79.7256648539:00.6,505,39:00.6,505,39:00.6,505,39:00.6,504,39:00.6,502,39:00.6,500,39:00.6,499,39:00.6,499,39:00.6,501,39:00.6,505,39:00.6,508,39:00.6,508,39:00.6,505,39:00.6,500,39:00.6,493,39:00.6,489,39:00.6,489,39:00.6,491,39:00.6,,79.4541508839:00.6,494,39:00.6,496,39:00.7,497,39:00.7,497,39:00.7,498,39:00.7,501,39:00.7,504,39:00.7,507,39:00.7,509,39:00.7,509,39:00.7,509,39:00.7,509,39:00.7,510,39:00.7,510,39:00.7,511,39:00.7,511,39:00.7,510,39:00.7,509,39:00.7,509,39:00.7,509,39:00.7,,79.4793047739:00.7,510,39:00.7,511,39:00.7,512,39:00.7,512,39:00.7,511,39:00.7,511,39:00.7,511,39:00.8,512,39:00.8,513,39:00.8,515,39:00.8,515,39:00.8,515,39:00.8,515,39:00.8,515,39:00.8,,79.5364879339:00.8,516,39:00.8,517,39:00.8,517,39:00.8,516,39:00.8,515,39:00.8,513,39:00.8,512,39:00.8,513,39:00.8,515,39:00.8,518,39:00.8,520,39:00.8,520,39:00.8,518,39:00.8,516,39:00.8,514,39:00.8,513,39:00.8,514,39:00.8,516,39:00.9,519,39:00.9,521,39:00.9,521,39:00.9,,79.5524976339:00.9,520,39:00.9,520,39:00.9,519,39:00.9,520,39:00.9,522,39:00.9,524,39:00.9,524,39:00.9,523,39:00.9,521,39:00.9,519,39:00.9,518,39:00.9,519,39:00.9,521,39:00.9,522,39:00.9,523,39:00.9,523,39:00.9,524,39:00.9,,79.6351503339:00.9,524,39:00.9,525,39:00.9,526,39:00.9,526,39:00.9,526,39:01.0,526,39:01.0,526,39:01.0,526,39:01.0,526,39:01.0,525,39:01.0,524,39:01.0,523,39:01.0,523,39:01.0,523,39:01.0,524,39:01.0,524,39:01.0,524,39:01.0,524,39:01.0,,79.5465297539:01.0,525,39:01.0,526,39:01.0,525,39:01.0,521,39:01.0,515,39:01.0,508,39:01.0,504,39:01.0,503,39:01.0,504,39:01.0,506,39:01.0,508,39:01.0,509,39:01.1,511,39:01.1,514,39:01.1,517,39:01.1,520,39:01.1,521,39:01.1,,79.4304174639:01.1,520,39:01.1,518,39:01.1,516,39:01.1,515,39:01.1,515,39:01.1,515,39:01.1,514,39:01.1,514,39:01.1,514,39:01.1,515,39:01.1,517,39:01.1,518,39:01.1,519,39:01.1,518,39:01.1,517,39:01.1,516,39:01.1,516,39:01.1,516,39:01.1,516,39:01.1,517,39:01.2,,79.4601878239:01.2,517,39:01.2,516,39:01.2,513,39:01.2,511,39:01.2,510,39:01.2,510,39:01.2,512,39:01.2,513,39:01.2,514,39:01.2,512,39:01.2,510,39:01.2,509,39:01.2,508,39:01.2,509,39:01.2,509,39:01.2,507,39:01.2,505,39:01.2,,79.5421006939:01.2,502,39:01.2,500,39:01.2,499,39:01.2,498,39:01.2,498,39:01.2,497,39:01.2,497,39:01.2,496,39:01.3,495,39:01.3,494,39:01.3,492,39:01.3,491,39:01.3,490,39:01.3,490,39:01.3,,80.3548078439:01.3,491,39:01.3,491,39:01.3,491,39:01.3,489,39:01.3,488,39:01.3,487,39:01.3,487,39:01.3,489,39:01.3,490,39:01.3,490,39:01.3,489,39:01.3,489,39:01.3,489,39:01.3,489,39:01.3,491,39:01.3,492,39:01.3,491,39:01.3,490,39:01.3,489,39:01.4,,80.3893919739:01.4,487,39:01.4,487,39:01.4,487,39:01.4,487,39:01.4,488,39:01.4,488,39:01.4,488,39:01.4,488,39:01.4,488,39:01.4,488,39:01.4,488,39:01.4,490,39:01.4,492,39:01.4,493,39:01.4,491,39:01.4,486,39:01.4,,80.3424676539:01.4,481,39:01.4,476,39:01.4,473,39:01.4,475,39:01.4,478,39:01.4,482,39:01.4,486,39:01.4,490,39:01.4,492,39:01.5,493,39:01.5,494,39:01.5,495,39:01.5,495,39:01.5,495,39:01.5,495,39:01.5,496,39:01.5,497,39:01.5,498,39:01.5,499,39:01.5,500,39:01.5,,80.2193319939:01.5,499,39:01.5,497,39:01.5,496,39:01.5,496,39:01.5,497,39:01.5,498,39:01.5,499,39:01.5,499,39:01.5,498,39:01.5,496,39:01.5,494,39:01.5,492,39:01.5,491,39:01.5,491,39:01.6,491,39:01.6,492,39:01.6,492,39:01.6,,80.2265822339:01.6,491,39:01.6,490,39:01.6,489,39:01.6,489,39:01.6,490,39:01.6,491,39:01.6,492,39:01.6,493,39:01.6,494,39:01.6,494,39:01.6,493,39:01.6,492,39:01.6,490,39:01.6,488,39:01.6,487,39:01.6,487,39:01.6,488,39:01.6,,80.1320726839:01.6,489,39:01.6,488,39:01.6,487,39:01.6,486,39:01.6,484,39:01.7,484,39:01.7,484,39:01.7,485,39:01.7,486,39:01.7,486,39:01.7,485,39:01.7,483,39:01.7,480,39:01.7,477,39:01.7,476,39:01.7,477,39:01.7,478,39:01.7,480,39:01.7,482,39:01.7,483,39:01.7,,80.0826822939:01.7,483,39:01.7,483,39:01.7,482,39:01.7,481,39:01.7,481,39:01.7,481,39:01.7,482,39:01.7,483,39:01.7,484,39:01.7,484,39:01.8,483,39:01.8,483,39:01.8,482,39:01.8,,80.2424834339:01.8,482,39:01.8,482,39:01.8,482,39:01.8,483,39:01.8,484,39:01.8,485,39:01.8,487,39:01.8,488,39:01.8,487,39:01.8,483,39:01.8,477,39:01.8,472,39:01.8,468,39:01.8,468,39:01.8,,80.0907118139:01.8,471,39:01.8,474,39:01.8,477,39:01.8,480,39:01.8,482,39:01.8,484,39:01.8,487,39:01.8,489,39:01.9,489,39:01.9,489,39:01.9,489,39:01.9,489,39:01.9,491,39:01.9,492,39:01.9,493,39:01.9,491,39:01.9,489,39:01.9,487,39:01.9,487,39:01.9,489,39:01.9,492,39:01.9,493,39:01.9,494,39:01.9,,79.9077296439:01.9,493,39:01.9,492,39:01.9,493,39:01.9,494,39:01.9,495,39:01.9,495,39:01.9,495,39:01.9,494,39:01.9,494,39:01.9,495,39:02.0,497,39:02.0,498,39:02.0,498,39:02.0,497,39:02.0,496,39:02.0,496,39:02.0,496,39:02.0,,79.9965277839:02.0,496,39:02.0,496,39:02.0,496,39:02.0,497,39:02.0,498,39:02.0,499,39:02.0,499,39:02.0,499,39:02.0,498,39:02.0,497,39:02.0,496,39:02.0,496,39:02.0,497,39:02.0,498,39:02.0,499,39:02.0,,80.0745146839:02.0,500,39:02.0,499,39:02.0,498,39:02.1,497,39:02.1,497,39:02.1,498,39:02.1,499,39:02.1,501,39:02.1,501,39:02.1,501,39:02.1,499,39:02.1,497,39:02.1,497,39:02.1,497,39:02.1,,80.1101246839:02.1,498,39:02.1,500,39:02.1,501,39:02.1,501,39:02.1,502,39:02.1,504,39:02.1,505,39:02.1,505,39:02.1,505,39:02.1,505,39:02.1,504,39:02.1,504,39:02.1,504,39:02.1,504,39:02.2,504,39:02.2,,80.1582129939:02.2,504,39:02.2,505,39:02.2,506,39:02.2,507,39:02.2,508,39:02.2,509,39:02.2,510,39:02.2,510,39:02.2,510,39:02.2,508,39:02.2,505,39:02.2,500,39:02.2,495,39:02.2,492,39:02.2,491,39:02.2,,79.8863439139:02.2,493,39:02.2,495,39:02.2,498,39:02.2,501,39:02.2,504,39:02.2,507,39:02.2,510,39:02.2,511,39:02.2,511,39:02.3,511,39:02.3,511,39:02.3,511,39:02.3,512,39:02.3,512,39:02.3,512,39:02.3,512,39:02.3,,79.7235341739:02.3,512,39:02.3,511,39:02.3,511,39:02.3,512,39:02.3,512,39:02.3,512,39:02.3,512,39:02.3,512,39:02.3,512,39:02.3,513,39:02.3,513,39:02.3,512,39:02.3,512,39:02.3,511,39:02.3,512,39:02.3,512,39:02.3,513,39:02.3,514,39:02.4,515,39:02.4,515,39:02.4,,79.7762192239:02.4,514,39:02.4,514,39:02.4,513,39:02.4,513,39:02.4,513,39:02.4,514,39:02.4,515,39:02.4,515,39:02.4,514,39:02.4,512,39:02.4,512,39:02.4,511,39:02.4,512,39:02.4,512,39:02.4,513,39:02.4,,79.810458139:02.4,513,39:02.4,512,39:02.4,511,39:02.4,510,39:02.4,509,39:02.4,509,39:02.4,508,39:02.4,508,39:02.5,508,39:02.5,508,39:02.5,509,39:02.5,509,39:02.5,509,39:02.5,508,39:02.5,507,39:02.5,507,39:02.5,507,39:02.5,508,39:02.5,508,39:02.5,508,39:02.5,508,39:02.5,509,39:02.5,,80.7183850239:02.5,510,39:02.5,511,39:02.5,512,39:02.5,512,39:02.5,513,39:02.5,513,39:02.5,512,39:02.5,511,39:02.5,510,39:02.5,510,39:02.5,510,39:02.6,510,39:02.6,510,39:02.6,509,39:02.6,508,39:02.6,509,39:02.6,510,39:02.6,512,39:02.6,514,39:02.6,513,39:02.6,,80.7752623939:02.6,510,39:02.6,505,39:02.6,499,39:02.6,495,39:02.6,493,39:02.6,493,39:02.6,495,39:02.6,498,39:02.6,501,39:02.6,504,39:02.6,507,39:02.6,510,39:02.6,511,39:02.6,512,39:02.6,512,39:02.6,,80.57594539:02.6,511,39:02.7,511,39:02.7,510,39:02.7,510,39:02.7,510,39:02.7,511,39:02.7,512,39:02.7,513,39:02.7,513,39:02.7,511,39:02.7,510,39:02.7,508,39:02.7,507,39:02.7,508,39:02.7,,80.4193793439:02.7,509,39:02.7,510,39:02.7,511,39:02.7,512,39:02.7,511,39:02.7,510,39:02.7,510,39:02.7,509,39:02.7,509,39:02.7,509,39:02.7,509,39:02.7,509,39:02.8,509,39:02.8,509,39:02.8,509,39:02.8,510,39:02.8,511,39:02.8,510,39:02.8,,80.4818990739:02.8,509,39:02.8,507,39:02.8,506,39:02.8,506,39:02.8,506,39:02.8,507,39:02.8,508,39:02.8,508,39:02.8,508,39:02.8,506,39:02.8,505,39:02.8,504,39:02.8,504,39:02.8,504,39:02.8,505,39:02.8,505,39:02.8,505,39:02.8,504,39:02.8,,80.5837870939:02.8,504,39:02.9,505,39:02.9,506,39:02.9,505,39:02.9,505,39:02.9,503,39:02.9,502,39:02.9,502,39:02.9,502,39:02.9,503,39:02.9,503,39:02.9,502,39:02.9,502,39:02.9,502,39:02.9,503,39:02.9,505,39:02.9,508,39:02.9,510,39:02.9,512,39:02.9,512,39:02.9,,80.6471650139:02.9,512,39:02.9,512,39:02.9,512,39:02.9,513,39:02.9,513,39:02.9,512,39:03.0,512,39:03.0,511,39:03.0,511,39:03.0,512,39:03.0,514,39:03.0,516,39:03.0,517,39:03.0,516,39:03.0,513,39:03.0,509,39:03.0,503,39:03.0,498,39:03.0,496,39:03.0,497,39:03.0,,80.7354008839:03.0,498,39:03.0,501,39:03.0,505,39:03.0,508,39:03.0,512,39:03.0,515,39:03.0,516,39:03.0,516,39:03.0,516,39:03.0,516,39:03.1,516,39:03.1,515,39:03.1,515,39:03.1,515,39:03.1,515,39:03.1,516,39:03.1,517,39:03.1,516,39:03.1,515,39:03.1,513,39:03.1,512,39:03.1,513,39:03.1,515,39:03.1,,80.5738537739:03.1,516,39:03.1,517,39:03.1,517,39:03.1,516,39:03.1,515,39:03.1,514,39:03.1,515,39:03.1,515,39:03.1,516,39:03.1,516,39:03.1,516,39:03.1,517,39:03.2,517,39:03.2,517,39:03.2,517,39:03.2,,80.6232934839:03.2,516,39:03.2,516,39:03.2,515,39:03.2,515,39:03.2,514,39:03.2,514,39:03.2,513,39:03.2,513,39:03.2,513,39:03.2,514,39:03.2,514,39:03.2,513,39:03.2,513,39:03.2,513,39:03.2,514,39:03.2,,80.80755839:03.2,514,39:03.2,513,39:03.2,512,39:03.2,511,39:03.2,511,39:03.2,511,39:03.2,511,39:03.3,510,39:03.3,509,39:03.3,508,39:03.3,507,39:03.3,507,39:03.3,507,39:03.3,507,39:03.3,507,39:03.3,507,39:03.3,507,39:03.3,508,39:03.3,508,39:03.3,508,39:03.3,507,39:03.3,506,39:03.3,505,39:03.3,,80.9069010439:03.3,505,39:03.3,506,39:03.3,506,39:03.3,507,39:03.3,507,39:03.3,507,39:03.3,507,39:03.3,508,39:03.3,508,39:03.4,509,39:03.4,509,39:03.4,509,39:03.4,509,39:03.4,510,39:03.4,512,39:03.4,513,39:03.4,511,39:03.4,507,39:03.4,500,39:03.4,495,39:03.4,492,39:03.4,494,39:03.4,497,39:03.4,500,39:03.4,,81.0045671639:03.4,502,39:03.4,504,39:03.4,506,39:03.4,508,39:03.4,510,39:03.4,511,39:03.4,511,39:03.4,510,39:03.4,509,39:03.4,508,39:03.5,508,39:03.5,509,39:03.5,509,39:03.5,510,39:03.5,511,39:03.5,,81.0894590439:03.5,511,39:03.5,512,39:03.5,511,39:03.5,511,39:03.5,510,39:03.5,509,39:03.5,508,39:03.5,509,39:03.5,509,39:03.5,510,39:03.5,510,39:03.5,510,39:03.5,509,39:03.5,508,39:03.5,,80.910501539:03.5,507,39:03.5,506,39:03.5,505,39:03.5,504,39:03.5,504,39:03.5,505,39:03.6,506,39:03.6,507,39:03.6,507,39:03.6,508,39:03.6,508,39:03.6,507,39:03.6,507,39:03.6,506,39:03.6,,80.8103693239:03.6,506,39:03.6,506,39:03.6,505,39:03.6,504,39:03.6,504,39:03.6,503,39:03.6,502,39:03.6,501,39:03.6,501,39:03.6,501,39:03.6,501,39:03.6,501,39:03.6,501,39:03.6,501,39:03.6,502,39:03.6,,80.8382654739:03.6,503,39:03.6,504,39:03.7,503,39:03.7,501,39:03.7,499,39:03.7,498,39:03.7,498,39:03.7,498,39:03.7,499,39:03.7,499,39:03.7,499,39:03.7,499,39:03.7,499,39:03.7,499,39:03.7,498,39:03.7,497,39:03.7,497,39:03.7,498,39:03.7,500,39:03.7,502,39:03.7,502,39:03.7,502,39:03.7,,80.5656565739:03.7,501,39:03.7,500,39:03.7,499,39:03.7,498,39:03.7,498,39:03.8,498,39:03.8,499,39:03.8,501,39:03.8,503,39:03.8,504,39:03.8,503,39:03.8,499,39:03.8,493,39:03.8,488,39:03.8,484,39:03.8,483,39:03.8,484,39:03.8,487,39:03.8,490,39:03.8,493,39:03.8,496,39:03.8,499,39:03.8,502,39:03.8,504,39:03.8,505,39:03.8,505,39:03.8,504,39:03.8,503,39:03.8,503,39:03.8,503,39:03.9,503,39:03.9,504,39:03.9,505,39:03.9,506,39:03.9,506,39:03.9,506,39:03.9,504,39:03.9,503,39:03.9,503,39:03.9,503,39:03.9,503,39:03.9,504,39:03.9,505,39:03.9,505,39:03.9,505,39:03.9,505,39:03.9,505,39:03.9,506,39:03.9,506,39:03.9,506,39:03.9,506,39:03.9,507,39:03.9,506,39:03.9,506,39:03.9,505,39:04.0,506,39:04.0,507,39:04.0,509,39:04.0,510,39:04.0,510,39:04.0,509,39:04.0,507,39:04.0,506,39:04.0,505,39:04.0,506,39:04.0,507,39:04.0,507,39:04.0,507,39:04.0,507,39:04.0,507,39:04.0,506,39:04.0,,80.8059698539:04.0,506,39:04.0,505,39:04.0,504,39:04.0,504,39:04.0,505,39:04.0,506,39:04.0,507,39:04.0,507,39:04.0,507,39:04.0,507,39:04.1,507,39:04.1,507,39:04.1,507,39:04.1,507,39:04.1,508,39:04.1,508,39:04.1,508,39:04.1,508,39:04.1,508,39:04.1,507,39:04.1,507,39:04.1,507,39:04.1,507,39:04.1,508,39:04.1,509,39:04.1,509,39:04.1,508,39:04.1,507,39:04.1,506,39:04.1,506,39:04.1,506,39:04.1,507,39:04.1,507,39:04.1,507,39:04.1,507,39:04.2,508,39:04.2,509,39:04.2,,80.5656269739:04.2,509,39:04.2,506,39:04.2,502,39:04.2,496,39:04.2,491,39:04.2,488,39:04.2,488,39:04.2,490,39:04.2,493,39:04.2,498,39:04.2,503,39:04.2,507,39:04.2,510,39:04.2,511,39:04.2,510,39:04.2,509,39:04.2,508,39:04.2,,80.5185546939:04.2,508,39:04.2,508,39:04.2,509,39:04.2,510,39:04.2,511,39:04.2,512,39:04.3,512,39:04.3,512,39:04.3,512,39:04.3,512,39:04.3,511,39:04.3,511,39:04.3,510,39:04.3,510,39:04.3,510,39:04.3,512,39:04.3,,80.5741398439:04.3,513,39:04.3,514,39:04.3,514,39:04.3,513,39:04.3,513,39:04.3,513,39:04.3,513,39:04.3,513,39:04.3,514,39:04.3,514,39:04.3,515,39:04.3,516,39:04.3,516,39:04.3,517,39:04.3,516,39:04.4,515,39:04.4,513,39:04.4,513,39:04.4,513,39:04.4,,80.5214942439:04.4,514,39:04.4,516,39:04.4,516,39:04.4,516,39:04.4,515,39:04.4,514,39:04.4,513,39:04.4,513,39:04.4,513,39:04.4,514,39:04.4,513,39:04.4,511,39:04.4,509,39:04.4,508,39:04.4,509,39:04.4,510,39:04.4,512,39:04.4,512,39:04.4,511,39:04.4,510,39:04.4,509,39:04.5,508,39:04.5,508,39:04.5,,80.559215239:04.5,509,39:04.5,509,39:04.5,510,39:04.5,511,39:04.5,512,39:04.5,514,39:04.5,515,39:04.5,515,39:04.5,515,39:04.5,514,39:04.5,515,39:04.5,516,39:04.5,517,39:04.5,518,39:04.5,518,39:04.5,517,39:04.5,516,39:04.5,515,39:04.5,515,39:04.5,516,39:04.5,,80.5850990439:04.5,517,39:04.5,518,39:04.5,519,39:04.6,521,39:04.6,520,39:04.6,517,39:04.6,511,39:04.6,505,39:04.6,500,39:04.6,499,39:04.6,501,39:04.6,505,39:04.6,510,39:04.6,513,39:04.6,517,39:04.6,,80.3187243539:04.6,520,39:04.6,522,39:04.6,524,39:04.6,525,39:04.6,525,39:04.6,524,39:04.6,522,39:04.6,522,39:04.6,522,39:04.6,523,39:04.6,525,39:04.6,525,39:04.6,524,39:04.7,522,39:04.7,,80.4131747239:04.7,520,39:04.7,520,39:04.7,521,39:04.7,523,39:04.7,524,39:04.7,524,39:04.7,524,39:04.7,523,39:04.7,522,39:04.7,522,39:04.7,522,39:04.7,522,39:04.7,522,39:04.7,522,39:04.7,,80.407601439:04.7,523,39:04.7,523,39:04.7,524,39:04.7,524,39:04.7,525,39:04.7,525,39:04.7,526,39:04.7,526,39:04.7,525,39:04.7,524,39:04.8,522,39:04.8,522,39:04.8,522,39:04.8,522,39:04.8,523,39:04.8,523,39:04.8,522,39:04.8,521,39:04.8,,80.4680299139:04.8,521,39:04.8,522,39:04.8,523,39:04.8,524,39:04.8,524,39:04.8,523,39:04.8,522,39:04.8,521,39:04.8,521,39:04.8,521,39:04.8,520,39:04.8,519,39:04.8,518,39:04.8,516,39:04.8,,80.5920138939:04.8,516,39:04.8,515,39:04.8,516,39:04.9,516,39:04.9,517,39:04.9,517,39:04.9,518,39:04.9,519,39:04.9,520,39:04.9,521,39:04.9,521,39:04.9,519,39:04.9,518,39:04.9,517,39:04.9,,80.6442155939:04.9,517,39:04.9,519,39:04.9,520,39:04.9,520,39:04.9,519,39:04.9,518,39:04.9,518,39:04.9,517,39:04.9,518,39:04.9,518,39:04.9,518,39:04.9,519,39:04.9,520,39:04.9,522,39:05.0,522,39:05.0,,80.4537168639:05.0,520,39:05.0,516,39:05.0,510,39:05.0,505,39:05.0,502,39:05.0,502,39:05.0,503,39:05.0,505,39:05.0,507,39:05.0,510,39:05.0,514,39:05.0,518,39:05.0,521,39:05.0,523,39:05.0,,80.5167988539:05.0,523,39:05.0,522,39:05.0,522,39:05.0,522,39:05.0,523,39:05.0,523,39:05.0,523,39:05.0,523,39:05.0,522,39:05.0,521,39:05.1,521,39:05.1,521,39:05.1,522,39:05.1,523,39:05.1,522,39:05.1,,80.6035748139:05.1,522,39:05.1,521,39:05.1,521,39:05.1,521,39:05.1,521,39:05.1,522,39:05.1,522,39:05.1,523,39:05.1,523,39:05.1,523,39:05.1,522,39:05.1,521,39:05.1,521,39:05.1,522,39:05.1,522,39:05.1,523,39:05.1,523,39:05.1,521,39:05.1,,80.7028093439:05.1,520,39:05.1,519,39:05.2,519,39:05.2,519,39:05.2,521,39:05.2,522,39:05.2,523,39:05.2,524,39:05.2,524,39:05.2,523,39:05.2,523,39:05.2,523,39:05.2,522,39:05.2,520,39:05.2,520,39:05.2,,80.819207739:05.2,519,39:05.2,520,39:05.2,520,39:05.2,521,39:05.2,521,39:05.2,521,39:05.2,522,39:05.2,521,39:05.2,520,39:05.2,519,39:05.2,519,39:05.2,518,39:05.3,518,39:05.3,517,39:05.3,516,39:05.3,,80.9009824839:05.3,517,39:05.3,518,39:05.3,519,39:05.3,521,39:05.3,522,39:05.3,523,39:05.3,522,39:05.3,522,39:05.3,522,39:05.3,522,39:05.3,522,39:05.3,522,39:05.3,522,39:05.3,522,39:05.3,522,39:05.3,521,39:05.3,520,39:05.3,519,39:05.3,519,39:05.3,,80.7052260939:05.3,520,39:05.3,521,39:05.3,521,39:05.4,519,39:05.4,515,39:05.4,510,39:05.4,505,39:05.4,503,39:05.4,502,39:05.4,503,39:05.4,505,39:05.4,507,39:05.4,510,39:05.4,512,39:05.4,,80.7028192139:05.4,514,39:05.4,515,39:05.4,516,39:05.4,516,39:05.4,517,39:05.4,518,39:05.4,519,39:05.4,520,39:05.4,520,39:05.4,520,39:05.4,519,39:05.4,518,39:05.4,517,39:05.4,516,39:05.5,516,39:05.5,515,39:05.5,515,39:05.5,515,39:05.5,515,39:05.5,,80.7469322139:05.5,515,39:05.5,515,39:05.5,515,39:05.5,516,39:05.5,517,39:05.5,517,39:05.5,517,39:05.5,517,39:05.5,517,39:05.5,516,39:05.5,516,39:05.5,516,39:05.5,516,39:05.5,516,39:05.5,515,39:05.5,514,39:05.5,513,39:05.5,513,39:05.5,513,39:05.5,514,39:05.6,515,39:05.6,515,39:05.6,514,39:05.6,,80.6571772439:05.6,512,39:05.6,511,39:05.6,511,39:05.6,512,39:05.6,513,39:05.6,513,39:05.6,512,39:05.6,511,39:05.6,510,39:05.6,509,39:05.6,508,39:05.6,508,39:05.6,508,39:05.6,509,39:05.6,,80.6179273239:05.6,509,39:05.6,510,39:05.6,509,39:05.6,508,39:05.6,507,39:05.6,506,39:05.6,506,39:05.6,506,39:05.7,507,39:05.7,507,39:05.7,507,39:05.7,508,39:05.7,508,39:05.7,509,39:05.7,510,39:05.7,510,39:05.7,,80.6387409239:05.7,511,39:05.7,511,39:05.7,510,39:05.7,510,39:05.7,510,39:05.7,509,39:05.7,509,39:05.7,509,39:05.7,510,39:05.7,512,39:05.7,512,39:05.7,512,39:05.7,512,39:05.7,512,39:05.7,,80.4155224139:05.7,514,39:05.7,515,39:05.7,513,39:05.8,509,39:05.8,503,39:05.8,498,39:05.8,495,39:05.8,497,39:05.8,500,39:05.8,504,39:05.8,506,39:05.8,507,39:05.8,507,39:05.8,,80.4275272339:05.8,508,39:05.8,511,39:05.8,513,39:05.8,515,39:05.8,516,39:05.8,516,39:05.8,515,39:05.8,514,39:05.8,513,39:05.8,512,39:05.8,513,39:05.8,514,39:05.8,515,39:05.8,515,39:05.8,515,39:05.9,514,39:05.9,513,39:05.9,513,39:05.9,,80.5899423939:05.9,514,39:05.9,515,39:05.9,515,39:05.9,516,39:05.9,515,39:05.9,515,39:05.9,514,39:05.9,514,39:05.9,514,39:05.9,515,39:05.9,516,39:05.9,516,39:05.9,517,39:05.9,517,39:05.9,518,39:05.9,519,39:05.9,518,39:05.9,517,39:05.9,516,39:05.9,516,39:05.9,,80.6513474639:05.9,516,39:05.9,517,39:06.0,517,39:06.0,515,39:06.0,513,39:06.0,512,39:06.0,513,39:06.0,515,39:06.0,516,39:06.0,516,39:06.0,515,39:06.0,513,39:06.0,512,39:06.0,512,39:06.0,,80.7465573739:06.0,513,39:06.0,513,39:06.0,512,39:06.0,512,39:06.0,513,39:06.0,513,39:06.0,513,39:06.0,512,39:06.0,511,39:06.0,510,39:06.0,509,39:06.0,508,39:06.0,508,39:06.1,508,39:06.1,509,39:06.1,511,39:06.1,513,39:06.1,514,39:06.1,515,39:06.1,514,39:06.1,,80.7687618439:06.1,513,39:06.1,512,39:06.1,512,39:06.1,512,39:06.1,512,39:06.1,513,39:06.1,513,39:06.1,513,39:06.1,513,39:06.1,512,39:06.1,512,39:06.1,512,39:06.1,511,39:06.1,511,39:06.1,512,39:06.1,,80.5089074339:06.1,514,39:06.1,515,39:06.1,513,39:06.2,508,39:06.2,501,39:06.2,495,39:06.2,493,39:06.2,495,39:06.2,499,39:06.2,503,39:06.2,506,39:06.2,509,39:06.2,512,39:06.2,,80.6023319139:06.2,515,39:06.2,517,39:06.2,518,39:06.2,517,39:06.2,515,39:06.2,514,39:06.2,514,39:06.2,515,39:06.2,516,39:06.2,517,39:06.2,517,39:06.2,518,39:06.2,518,39:06.2,518,39:06.2,518,39:06.3,518,39:06.3,518,39:06.3,518,39:06.3,517,39:06.3,517,39:06.3,517,39:06.3,517,39:06.3,518,39:06.3,,80.7715928839:06.3,519,39:06.3,521,39:06.3,521,39:06.3,522,39:06.3,522,39:06.3,522,39:06.3,521,39:06.3,521,39:06.3,521,39:06.3,521,39:06.3,520,39:06.3,519,39:06.3,519,39:06.3,519,39:06.3,519,39:06.3,520,39:06.3,520,39:06.4,520,39:06.4,,80.9153744539:06.4,521,39:06.4,521,39:06.4,522,39:06.4,522,39:06.4,521,39:06.4,521,39:06.4,520,39:06.4,520,39:06.4,520,39:06.4,520,39:06.4,519,39:06.4,518,39:06.4,517,39:06.4,517,39:06.4,518,39:06.4,519,39:06.4,,80.9566564139:06.4,520,39:06.4,520,39:06.4,519,39:06.4,518,39:06.4,517,39:06.4,517,39:06.4,516,39:06.4,516,39:06.5,516,39:06.5,517,39:06.5,519,39:06.5,520,39:06.5,520,39:06.5,520,39:06.5,519,39:06.5,519,39:06.5,519,39:06.5,,80.9115569839:06.5,518,39:06.5,518,39:06.5,518,39:06.5,519,39:06.5,519,39:06.5,520,39:06.5,520,39:06.5,520,39:06.5,519,39:06.5,518,39:06.5,518,39:06.5,519,39:06.5,521,39:06.5,523,39:06.5,523,39:06.5,,80.7994890339:06.5,520,39:06.6,514,39:06.6,509,39:06.6,506,39:06.6,506,39:06.6,509,39:06.6,512,39:06.6,514,39:06.6,517,39:06.6,519,39:06.6,521,39:06.6,524,39:06.6,524,39:06.6,524,39:06.6,523,39:06.6,522,39:06.6,522,39:06.6,523,39:06.6,,81.005218239:06.6,524,39:06.6,524,39:06.6,524,39:06.6,524,39:06.6,523,39:06.6,523,39:06.6,523,39:06.6,523,39:06.7,523,39:06.7,523,39:06.7,523,39:06.7,524,39:06.7,524,39:06.7,525,39:06.7,525,39:06.7,524,39:06.7,523,39:06.7,521,39:06.7,,81.1626124539:06.7,520,39:06.7,521,39:06.7,522,39:06.7,523,39:06.7,524,39:06.7,524,39:06.7,524,39:06.7,524,39:06.7,524,39:06.7,524,39:06.7,524,39:06.7,524,39:06.7,523,39:06.7,523,39:06.7,523,39:06.8,523,39:06.8,523,39:06.8,522,39:06.8,520,39:06.8,518,39:06.8,,81.1804865139:06.8,517,39:06.8,517,39:06.8,518,39:06.8,519,39:06.8,520,39:06.8,521,39:06.8,522,39:06.8,521,39:06.8,520,39:06.8,518,39:06.8,516,39:06.8,515,39:06.8,515,39:06.8,,81.1722399839:06.8,515,39:06.8,515,39:06.8,515,39:06.8,515,39:06.8,515,39:06.8,514,39:06.8,514,39:06.9,515,39:06.9,516,39:06.9,518,39:06.9,519,39:06.9,519,39:06.9,519,39:06.9,519,39:06.9,519,39:06.9,518,39:06.9,518,39:06.9,518,39:06.9,518,39:06.9,519,39:06.9,519,39:06.9,,80.462841339:06.9,520,39:06.9,520,39:06.9,519,39:06.9,519,39:06.9,518,39:06.9,518,39:06.9,520,39:06.9,522,39:06.9,524,39:06.9,523,39:06.9,519,39:07.0,512,39:07.0,505,39:07.0,501,39:07.0,500,39:07.0,503,39:07.0,507,39:07.0,,80.3886620139:07.0,511,39:07.0,514,39:07.0,516,39:07.0,518,39:07.0,519,39:07.0,519,39:07.0,519,39:07.0,519,39:07.0,520,39:07.0,522,39:07.0,524,39:07.0,524,39:07.0,523,39:07.0,,80.5189887239:07.0,522,39:07.0,520,39:07.0,519,39:07.0,520,39:07.0,521,39:07.0,521,39:07.1,520,39:07.1,519,39:07.1,518,39:07.1,518,39:07.1,519,39:07.1,522,39:07.1,524,39:07.1,526,39:07.1,,80.6005760739:07.1,525,39:07.1,524,39:07.1,522,39:07.1,521,39:07.1,521,39:07.1,522,39:07.1,522,39:07.1,522,39:07.1,522,39:07.1,522,39:07.1,523,39:07.1,524,39:07.1,524,39:07.1,523,39:07.1,522,39:07.1,521,39:07.1,520,39:07.2,520,39:07.2,521,39:07.2,,80.6242897739:07.2,521,39:07.2,521,39:07.2,521,39:07.2,520,39:07.2,519,39:07.2,518,39:07.2,518,39:07.2,517,39:07.2,517,39:07.2,517,39:07.2,517,39:07.2,517,39:07.2,518,39:07.2,518,39:07.2,,80.7662464539:07.2,519,39:07.2,518,39:07.2,516,39:07.2,514,39:07.2,512,39:07.2,511,39:07.2,511,39:07.2,512,39:07.2,514,39:07.3,515,39:07.3,515,39:07.3,515,39:07.3,515,39:07.3,515,39:07.3,,80.8938999439:07.3,514,39:07.3,513,39:07.3,513,39:07.3,512,39:07.3,512,39:07.3,513,39:07.3,514,39:07.3,514,39:07.3,514,39:07.3,514,39:07.3,514,39:07.3,513,39:07.3,513,39:07.3,,80.5805614739:07.3,514,39:07.3,515,39:07.3,516,39:07.3,517,39:07.3,517,39:07.3,515,39:07.3,510,39:07.4,503,39:07.4,497,39:07.4,494,39:07.4,493,39:07.4,496,39:07.4,499,39:07.4,502,39:07.4,505,39:07.4,506,39:07.4,508,39:07.4,510,39:07.4,512,39:07.4,514,39:07.4,514,39:07.4,514,39:07.4,513,39:07.4,513,39:07.4,,80.560043839:07.4,514,39:07.4,514,39:07.4,514,39:07.4,513,39:07.4,513,39:07.4,512,39:07.4,512,39:07.4,512,39:07.5,511,39:07.5,510,39:07.5,510,39:07.5,511,39:07.5,512,39:07.5,513,39:07.5,514,39:07.5,,79.7759627539:07.5,515,39:07.5,516,39:07.5,517,39:07.5,516,39:07.5,515,39:07.5,514,39:07.5,513,39:07.5,513,39:07.5,514,39:07.5,515,39:07.5,515,39:07.5,514,39:07.5,,79.7703006639:07.5,513,39:07.5,512,39:07.5,512,39:07.5,512,39:07.5,512,39:07.5,511,39:07.6,511,39:07.6,511,39:07.6,511,39:07.6,511,39:07.6,511,39:07.6,511,39:07.6,510,39:07.6,509,39:07.6,509,39:07.6,,79.8062460539:07.6,510,39:07.6,510,39:07.6,511,39:07.6,510,39:07.6,509,39:07.6,508,39:07.6,507,39:07.6,507,39:07.6,507,39:07.6,507,39:07.6,508,39:07.6,508,39:07.6,509,39:07.6,510,39:07.6,509,39:07.6,508,39:07.7,506,39:07.7,,79.7600319639:07.7,505,39:07.7,506,39:07.7,507,39:07.7,509,39:07.7,511,39:07.7,512,39:07.7,511,39:07.7,510,39:07.7,509,39:07.7,508,39:07.7,508,39:07.7,508,39:07.7,508,39:07.7,508,39:07.7,508,39:07.7,508,39:07.7,,79.441751539:07.7,508,39:07.7,508,39:07.7,509,39:07.7,510,39:07.7,511,39:07.7,510,39:07.7,507,39:07.7,501,39:07.8,496,39:07.8,491,39:07.8,489,39:07.8,489,39:07.8,492,39:07.8,496,39:07.8,501,39:07.8,505,39:07.8,509,39:07.8,,79.3576487539:07.8,511,39:07.8,511,39:07.8,511,39:07.8,511,39:07.8,511,39:07.8,511,39:07.8,511,39:07.8,510,39:07.8,510,39:07.8,509,39:07.8,510,39:07.8,511,39:07.8,512,39:07.8,512,39:07.8,511,39:07.8,511,39:07.9,512,39:07.9,513,39:07.9,515,39:07.9,516,39:07.9,516,39:07.9,516,39:07.9,514,39:07.9,,79.384578239:07.9,513,39:07.9,513,39:07.9,513,39:07.9,513,39:07.9,513,39:07.9,513,39:07.9,513,39:07.9,513,39:07.9,514,39:07.9,513,39:07.9,512,39:07.9,512,39:07.9,512,39:07.9,513,39:07.9,514,39:07.9,515,39:07.9,515,39:07.9,514,39:08.0,513,39:08.0,513,39:08.0,513,39:08.0,,80.1179371839:08.0,512,39:08.0,511,39:08.0,509,39:08.0,508,39:08.0,508,39:08.0,509,39:08.0,509,39:08.0,509,39:08.0,508,39:08.0,508,39:08.0,508,39:08.0,508,39:08.0,508,39:08.0,508,39:08.0,,80.114977939:08.0,508,39:08.0,508,39:08.0,507,39:08.0,507,39:08.0,506,39:08.0,506,39:08.0,506,39:08.0,507,39:08.1,507,39:08.1,508,39:08.1,508,39:08.1,508,39:08.1,507,39:08.1,507,39:08.1,508,39:08.1,509,39:08.1,511,39:08.1,,80.0960187839:08.1,513,39:08.1,515,39:08.1,516,39:08.1,516,39:08.1,515,39:08.1,514,39:08.1,512,39:08.1,512,39:08.1,513,39:08.1,514,39:08.1,516,39:08.1,517,39:08.1,518,39:08.1,516,39:08.1,512,39:08.1,507,39:08.2,502,39:08.2,500,39:08.2,500,39:08.2,502,39:08.2,504,39:08.2,507,39:08.2,,79.8088502239:08.2,511,39:08.2,514,39:08.2,518,39:08.2,521,39:08.2,522,39:08.2,522,39:08.2,521,39:08.2,521,39:08.2,522,39:08.2,523,39:08.2,523,39:08.2,523,39:08.2,522,39:08.2,521,39:08.2,522,39:08.2,523,39:08.2,,79.9113596939:08.2,524,39:08.2,525,39:08.2,525,39:08.3,524,39:08.3,523,39:08.3,523,39:08.3,524,39:08.3,525,39:08.3,526,39:08.3,527,39:08.3,526,39:08.3,525,39:08.3,523,39:08.3,523,39:08.3,524,39:08.3,525,39:08.3,526,39:08.3,,80.0234670939:08.3,526,39:08.3,526,39:08.3,526,39:08.3,527,39:08.3,528,39:08.3,529,39:08.3,529,39:08.3,529,39:08.3,527,39:08.3,525,39:08.3,524,39:08.4,523,39:08.4,523,39:08.4,524,39:08.4,525,39:08.4,526,39:08.4,526,39:08.4,525,39:08.4,,80.0721176639:08.4,524,39:08.4,523,39:08.4,522,39:08.4,522,39:08.4,522,39:08.4,523,39:08.4,525,39:08.4,526,39:08.4,527,39:08.4,527,39:08.4,526,39:08.4,525,39:08.4,524,39:08.4,524,39:08.4,523,39:08.4,523,39:08.4,523,39:08.4,523,39:08.5,522,39:08.5,522,39:08.5,522,39:08.5,,80.1377051839:08.5,522,39:08.5,523,39:08.5,523,39:08.5,524,39:08.5,523,39:08.5,523,39:08.5,524,39:08.5,524,39:08.5,524,39:08.5,524,39:08.5,523,39:08.5,523,39:08.5,523,39:08.5,523,39:08.5,,80.2117365139:08.5,523,39:08.5,523,39:08.5,524,39:08.5,525,39:08.5,526,39:08.5,525,39:08.5,522,39:08.5,516,39:08.6,511,39:08.6,508,39:08.6,508,39:08.6,510,39:08.6,512,39:08.6,515,39:08.6,,79.9242424239:08.6,518,39:08.6,521,39:08.6,524,39:08.6,526,39:08.6,529,39:08.6,530,39:08.6,531,39:08.6,531,39:08.6,530,39:08.6,530,39:08.6,530,39:08.6,529,39:08.6,529,39:08.6,,79.9667870139:08.6,529,39:08.6,528,39:08.6,528,39:08.6,527,39:08.6,527,39:08.6,528,39:08.7,529,39:08.7,529,39:08.7,530,39:08.7,530,39:08.7,530,39:08.7,530,39:08.7,530,39:08.7,530,39:08.7,530,39:08.7,530,39:08.7,531,39:08.7,532,39:08.7,533,39:08.7,533,39:08.7,534,39:08.7,534,39:08.7,,80.0228259239:08.7,535,39:08.7,535,39:08.7,535,39:08.7,534,39:08.7,533,39:08.7,532,39:08.7,531,39:08.7,531,39:08.7,531,39:08.8,530,39:08.8,530,39:08.8,530,39:08.8,531,39:08.8,531,39:08.8,531,39:08.8,531,39:08.8,531,39:08.8,,80.08800939:08.8,531,39:08.8,531,39:08.8,531,39:08.8,531,39:08.8,530,39:08.8,530,39:08.8,528,39:08.8,527,39:08.8,526,39:08.8,526,39:08.8,527,39:08.8,527,39:08.8,526,39:08.8,525,39:08.8,,80.137478339:08.8,525,39:08.8,525,39:08.8,526,39:08.9,528,39:08.9,529,39:08.9,529,39:08.9,529,39:08.9,528,39:08.9,527,39:08.9,527,39:08.9,526,39:08.9,525,39:08.9,524,39:08.9,524,39:08.9,524,39:08.9,526,39:08.9,527,39:08.9,527,39:08.9,527,39:08.9,526,39:08.9,526,39:08.9,,80.1665680239:08.9,526,39:08.9,528,39:08.9,530,39:08.9,532,39:08.9,531,39:08.9,527,39:08.9,521,39:09.0,513,39:09.0,507,39:09.0,505,39:09.0,507,39:09.0,512,39:09.0,516,39:09.0,519,39:09.0,521,39:09.0,,79.909949139:09.0,523,39:09.0,525,39:09.0,526,39:09.0,527,39:09.0,527,39:09.0,527,39:09.0,526,39:09.0,526,39:09.0,525,39:09.0,525,39:09.0,525,39:09.0,525,39:09.0,525,39:09.0,525,39:09.0,,79.9338107639:09.0,525,39:09.0,524,39:09.0,523,39:09.1,523,39:09.1,524,39:09.1,525,39:09.1,527,39:09.1,528,39:09.1,528,39:09.1,527,39:09.1,526,39:09.1,526,39:09.1,526,39:09.1,527,39:09.1,528,39:09.1,528,39:09.1,527,39:09.1,526,39:09.1,525,39:09.1,526,39:09.1,526,39:09.1,,80.0360440339:09.1,528,39:09.1,528,39:09.1,528,39:09.1,528,39:09.1,527,39:09.1,526,39:09.1,525,39:09.2,524,39:09.2,522,39:09.2,521,39:09.2,521,39:09.2,522,39:09.2,524,39:09.2,524,39:09.2,523,39:09.2,522,39:09.2,,80.0495087639:09.2,519,39:09.2,517,39:09.2,517,39:09.2,517,39:09.2,518,39:09.2,519,39:09.2,520,39:09.2,520,39:09.2,519,39:09.2,518,39:09.2,516,39:09.2,516,39:09.2,516,39:09.2,515,39:09.2,515,39:09.2,,80.0494594439:09.2,514,39:09.3,514,39:09.3,514,39:09.3,516,39:09.3,518,39:09.3,519,39:09.3,519,39:09.3,517,39:09.3,516,39:09.3,515,39:09.3,516,39:09.3,518,39:09.3,519,39:09.3,520,39:09.3,,79.9975733939:09.3,519,39:09.3,518,39:09.3,516,39:09.3,515,39:09.3,515,39:09.3,515,39:09.3,517,39:09.3,519,39:09.3,520,39:09.3,520,39:09.3,516,39:09.3,510,39:09.4,504,39:09.4,,79.6591698239:09.4,501,39:09.4,500,39:09.4,502,39:09.4,505,39:09.4,508,39:09.4,510,39:09.4,511,39:09.4,513,39:09.4,516,39:09.4,517,39:09.4,518,39:09.4,517,39:09.4,516,39:09.4,516,39:09.4,,79.6085661339:09.4,516,39:09.4,517,39:09.4,518,39:09.4,518,39:09.4,517,39:09.4,516,39:09.4,515,39:09.4,515,39:09.4,516,39:09.4,517,39:09.5,517,39:09.5,516,39:09.5,515,39:09.5,515,39:09.5,515,39:09.5,515,39:09.5,,79.7238695539:09.5,516,39:09.5,516,39:09.5,516,39:09.5,516,39:09.5,516,39:09.5,517,39:09.5,518,39:09.5,518,39:09.5,518,39:09.5,517,39:09.5,516,39:09.5,515,39:09.5,515,39:09.5,515,39:09.5,516,39:09.5,517,39:09.5,518,39:09.5,518,39:09.5,518,39:09.6,517,39:09.6,,79.7934422339:09.6,516,39:09.6,515,39:09.6,515,39:09.6,516,39:09.6,517,39:09.6,518,39:09.6,517,39:09.6,515,39:09.6,514,39:09.6,514,39:09.6,515,39:09.6,516,39:09.6,517,39:09.6,517,39:09.6,516,39:09.6,516,39:09.6,515,39:09.6,515,39:09.6,514,39:09.6,513,39:09.6,512,39:09.6,,80.584280339:09.6,512,39:09.6,513,39:09.6,515,39:09.7,517,39:09.7,518,39:09.7,519,39:09.7,518,39:09.7,517,39:09.7,516,39:09.7,516,39:09.7,516,39:09.7,515,39:09.7,515,39:09.7,515,39:09.7,515,39:09.7,516,39:09.7,517,39:09.7,518,39:09.7,519,39:09.7,518,39:09.7,,80.5026337639:09.7,518,39:09.7,517,39:09.7,517,39:09.7,517,39:09.7,518,39:09.7,518,39:09.7,515,39:09.7,511,39:09.8,506,39:09.8,502,39:09.8,500,39:09.8,501,39:09.8,504,39:09.8,507,39:09.8,510,39:09.8,,80.1968809239:09.8,513,39:09.8,514,39:09.8,516,39:09.8,517,39:09.8,518,39:09.8,518,39:09.8,518,39:09.8,518,39:09.8,519,39:09.8,520,39:09.8,521,39:09.8,521,39:09.8,521,39:09.8,520,39:09.8,,80.2228042139:09.8,519,39:09.8,519,39:09.8,520,39:09.8,520,39:09.9,520,39:09.9,519,39:09.9,518,39:09.9,518,39:09.9,518,39:09.9,519,39:09.9,521,39:09.9,521,39:09.9,521,39:09.9,520,39:09.9,520,39:09.9,521,39:09.9,522,39:09.9,522,39:09.9,523,39:09.9,523,39:09.9,,80.3031092239:09.9,523,39:09.9,523,39:09.9,522,39:09.9,522,39:09.9,522,39:09.9,521,39:09.9,521,39:09.9,521,39:09.9,520,39:10.0,520,39:10.0,519,39:10.0,519,39:10.0,519,39:10.0,519,39:10.0,519,39:10.0,518,39:10.0,,80.3297624739:10.0,518,39:10.0,518,39:10.0,519,39:10.0,519,39:10.0,519,39:10.0,518,39:10.0,517,39:10.0,516,39:10.0,516,39:10.0,516,39:10.0,517,39:10.0,517,39:10.0,517,39:10.0,515,39:10.0,514,39:10.0,513,39:10.0,513,39:10.0,514,39:10.0,,80.3491161639:10.1,516,39:10.1,518,39:10.1,519,39:10.1,518,39:10.1,518,39:10.1,517,39:10.1,517,39:10.1,518,39:10.1,519,39:10.1,519,39:10.1,518,39:10.1,517,39:10.1,516,39:10.1,516,39:10.1,516,39:10.1,518,39:10.1,519,39:10.1,,80.3685586339:10.1,520,39:10.1,521,39:10.1,522,39:10.1,522,39:10.1,522,39:10.1,521,39:10.1,518,39:10.1,513,39:10.2,508,39:10.2,503,39:10.2,500,39:10.2,500,39:10.2,502,39:10.2,506,39:10.2,509,39:10.2,,80.0595604539:10.2,512,39:10.2,515,39:10.2,518,39:10.2,520,39:10.2,521,39:10.2,521,39:10.2,521,39:10.2,520,39:10.2,520,39:10.2,520,39:10.2,521,39:10.2,521,39:10.2,521,39:10.2,520,39:10.2,520,39:10.2,521,39:10.2,521,39:10.2,520,39:10.3,,80.060596239:10.3,519,39:10.3,518,39:10.3,518,39:10.3,518,39:10.3,519,39:10.3,520,39:10.3,521,39:10.3,521,39:10.3,521,39:10.3,521,39:10.3,522,39:10.3,522,39:10.3,523,39:10.3,523,39:10.3,,80.1202256939:10.3,522,39:10.3,522,39:10.3,522,39:10.3,523,39:10.3,523,39:10.3,524,39:10.3,524,39:10.3,523,39:10.3,523,39:10.3,522,39:10.3,522,39:10.4,522,39:10.4,522,39:10.4,522,39:10.4,522,39:10.4,521,39:10.4,520,39:10.4,519,39:10.4,519,39:10.4,,80.0827217539:10.4,520,39:10.4,521,39:10.4,521,39:10.4,520,39:10.4,519,39:10.4,518,39:10.4,517,39:10.4,517,39:10.4,518,39:10.4,518,39:10.4,518,39:10.4,517,39:10.4,516,39:10.4,515,39:10.4,516,39:10.4,517,39:10.4,518,39:10.5,520,39:10.5,520,39:10.5,520,39:10.5,519,39:10.5,518,39:10.5,518,39:10.5,518,39:10.5,518,39:10.5,,80.161468239:10.5,518,39:10.5,518,39:10.5,517,39:10.5,517,39:10.5,517,39:10.5,518,39:10.5,520,39:10.5,522,39:10.5,523,39:10.5,522,39:10.5,520,39:10.5,518,39:10.5,517,39:10.5,517,39:10.5,519,39:10.5,,80.2104837439:10.5,521,39:10.5,521,39:10.6,519,39:10.6,513,39:10.6,508,39:10.6,503,39:10.6,501,39:10.6,502,39:10.6,505,39:10.6,509,39:10.6,512,39:10.6,515,39:10.6,518,39:10.6,520,39:10.6,,80.0047052639:10.6,521,39:10.6,522,39:10.6,522,39:10.6,522,39:10.6,522,39:10.6,522,39:10.6,522,39:10.6,521,39:10.6,522,39:10.6,522,39:10.6,523,39:10.6,523,39:10.6,523,39:10.7,522,39:10.7,521,39:10.7,521,39:10.7,,80.1268840839:10.7,522,39:10.7,522,39:10.7,522,39:10.7,521,39:10.7,520,39:10.7,519,39:10.7,519,39:10.7,519,39:10.7,520,39:10.7,521,39:10.7,522,39:10.7,523,39:10.7,523,39:10.7,522,39:10.7,521,39:10.7,,80.256017239:10.7,520,39:10.7,520,39:10.7,521,39:10.7,522,39:10.7,522,39:10.7,520,39:10.7,519,39:10.8,518,39:10.8,518,39:10.8,518,39:10.8,519,39:10.8,519,39:10.8,519,39:10.8,517,39:10.8,516,39:10.8,,80.281802439:10.8,515,39:10.8,515,39:10.8,516,39:10.8,517,39:10.8,518,39:10.8,517,39:10.8,515,39:10.8,514,39:10.8,513,39:10.8,514,39:10.8,514,39:10.8,514,39:10.8,513,39:10.8,513,39:10.8,513,39:10.8,513,39:10.8,513,39:10.9,513,39:10.9,512,39:10.9,512,39:10.9,512,39:10.9,,80.3677300339:10.9,512,39:10.9,513,39:10.9,514,39:10.9,514,39:10.9,513,39:10.9,512,39:10.9,512,39:10.9,512,39:10.9,512,39:10.9,513,39:10.9,514,39:10.9,513,39:10.9,512,39:10.9,511,39:10.9,511,39:10.9,512,39:10.9,514,39:10.9,516,39:10.9,517,39:10.9,,80.4198133739:10.9,517,39:10.9,515,39:11.0,512,39:11.0,507,39:11.0,503,39:11.0,499,39:11.0,497,39:11.0,497,39:11.0,498,39:11.0,500,39:11.0,502,39:11.0,505,39:11.0,507,39:11.0,510,39:11.0,513,39:11.0,515,39:11.0,516,39:11.0,516,39:11.0,,80.1567925339:11.0,515,39:11.0,513,39:11.0,513,39:11.0,513,39:11.0,514,39:11.0,515,39:11.0,515,39:11.0,515,39:11.0,514,39:11.1,514,39:11.1,514,39:11.1,514,39:11.1,514,39:11.1,513,39:11.1,512,39:11.1,511,39:11.1,511,39:11.1,511,39:11.1,512,39:11.1,512,39:11.1,,80.124309539:11.1,512,39:11.1,512,39:11.1,511,39:11.1,511,39:11.1,510,39:11.1,511,39:11.1,511,39:11.1,512,39:11.1,511,39:11.1,511,39:11.1,510,39:11.1,510,39:11.1,511,39:11.2,512,39:11.2,512,39:11.2,512,39:11.2,,80.175297939:11.2,511,39:11.2,512,39:11.2,512,39:11.2,512,39:11.2,512,39:11.2,511,39:11.2,510,39:11.2,509,39:11.2,509,39:11.2,509,39:11.2,509,39:11.2,509,39:11.2,508,39:11.2,508,39:11.2,508,39:11.2,,80.1465928839:11.2,508,39:11.2,508,39:11.2,507,39:11.2,507,39:11.2,506,39:11.2,505,39:11.2,505,39:11.3,506,39:11.3,506,39:11.3,507,39:11.3,507,39:11.3,507,39:11.3,507,39:11.3,507,39:11.3,507,39:11.3,506,39:11.3,505,39:11.3,504,39:11.3,504,39:11.3,,80.2656151439:11.3,506,39:11.3,507,39:11.3,508,39:11.3,508,39:11.3,508,39:11.3,508,39:11.3,507,39:11.3,505,39:11.3,504,39:11.3,503,39:11.3,504,39:11.3,507,39:11.3,511,39:11.3,,80.3067195439:11.4,512,39:11.4,510,39:11.4,503,39:11.4,495,39:11.4,489,39:11.4,485,39:11.4,486,39:11.4,489,39:11.4,493,39:11.4,496,39:11.4,499,39:11.4,502,39:11.4,504,39:11.4,506,39:11.4,507,39:11.4,507,39:11.4,,80.0743075339:11.4,506,39:11.4,506,39:11.4,506,39:11.4,507,39:11.4,507,39:11.4,507,39:11.4,506,39:11.4,506,39:11.4,506,39:11.5,506,39:11.5,507,39:11.5,507,39:11.5,507,39:11.5,507,39:11.5,507,39:11.5,,80.0596393639:11.5,508,39:11.5,508,39:11.5,509,39:11.5,509,39:11.5,508,39:11.5,507,39:11.5,506,39:11.5,506,39:11.5,506,39:11.5,506,39:11.5,507,39:11.5,508,39:11.5,509,39:11.5,510,39:11.5,511,39:11.5,,80.1757023439:11.5,511,39:11.5,511,39:11.5,510,39:11.5,509,39:11.5,508,39:11.6,508,39:11.6,508,39:11.6,508,39:11.6,508,39:11.6,507,39:11.6,506,39:11.6,505,39:11.6,505,39:11.6,506,39:11.6,,80.1584339:11.6,506,39:11.6,506,39:11.6,505,39:11.6,505,39:11.6,505,39:11.6,505,39:11.6,506,39:11.6,506,39:11.6,505,39:11.6,504,39:11.6,503,39:11.6,502,39:11.6,502,39:11.6,502,39:11.6,503,39:11.6,,80.1539910839:11.7,503,39:11.7,502,39:11.7,502,39:11.7,502,39:11.7,502,39:11.7,503,39:11.7,504,39:11.7,505,39:11.7,505,39:11.7,504,39:11.7,504,39:11.7,504,39:11.7,505,39:11.7,506,39:11.7,507,39:11.7,508,39:11.7,508,39:11.7,507,39:11.7,506,39:11.7,,80.1378136839:11.7,506,39:11.7,506,39:11.7,506,39:11.7,508,39:11.7,509,39:11.7,510,39:11.8,511,39:11.8,511,39:11.8,511,39:11.8,508,39:11.8,504,39:11.8,499,39:11.8,494,39:11.8,,79.892558439:11.8,492,39:11.8,492,39:11.8,495,39:11.8,498,39:11.8,501,39:11.8,503,39:11.8,505,39:11.8,507,39:11.8,510,39:11.8,512,39:11.8,513,39:11.8,513,39:11.8,513,39:11.8,,79.8177872539:11.8,512,39:11.8,512,39:11.8,512,39:11.8,513,39:11.8,514,39:11.9,514,39:11.9,514,39:11.9,513,39:11.9,512,39:11.9,511,39:11.9,511,39:11.9,511,39:11.9,511,39:11.9,512,39:11.9,,79.9840297539:11.9,513,39:11.9,514,39:11.9,514,39:11.9,514,39:11.9,513,39:11.9,512,39:11.9,512,39:11.9,511,39:11.9,512,39:11.9,513,39:11.9,514,39:11.9,515,39:11.9,514,39:11.9,514,39:11.9,513,39:11.9,513,39:12.0,513,39:12.0,,80.099796839:12.0,513,39:12.0,513,39:12.0,513,39:12.0,512,39:12.0,512,39:12.0,512,39:12.0,512,39:12.0,513,39:12.0,513,39:12.0,513,39:12.0,512,39:12.0,511,39:12.0,510,39:12.0,510,39:12.0,,80.92325639:12.0,509,39:12.0,509,39:12.0,509,39:12.0,509,39:12.0,510,39:12.0,510,39:12.0,511,39:12.0,511,39:12.0,511,39:12.0,510,39:12.0,510,39:12.1,510,39:12.1,510,39:12.1,510,39:12.1,509,39:12.1,509,39:12.1,508,39:12.1,508,39:12.1,508,39:12.1,,80.9755662139:12.1,510,39:12.1,512,39:12.1,514,39:12.1,515,39:12.1,515,39:12.1,515,39:12.1,515,39:12.1,515,39:12.1,515,39:12.1,514,39:12.1,513,39:12.1,513,39:12.1,513,39:12.1,514,39:12.1,514,39:12.1,514,39:12.2,,80.7990352739:12.2,513,39:12.2,514,39:12.2,515,39:12.2,516,39:12.2,516,39:12.2,513,39:12.2,507,39:12.2,501,39:12.2,497,39:12.2,497,39:12.2,499,39:12.2,502,39:12.2,506,39:12.2,509,39:12.2,,80.752318139:12.2,512,39:12.2,515,39:12.2,518,39:12.2,520,39:12.2,521,39:12.2,522,39:12.2,522,39:12.2,522,39:12.2,523,39:12.2,522,39:12.2,522,39:12.3,521,39:12.3,522,39:12.3,523,39:12.3,524,39:12.3,,80.9508364939:12.3,524,39:12.3,524,39:12.3,523,39:12.3,523,39:12.3,523,39:12.3,523,39:12.3,524,39:12.3,525,39:12.3,525,39:12.3,526,39:12.3,526,39:12.3,526,39:12.3,526,39:12.3,,80.9822147339:12.3,526,39:12.3,526,39:12.3,527,39:12.3,528,39:12.3,528,39:12.3,528,39:12.3,526,39:12.3,526,39:12.4,525,39:12.4,526,39:12.4,527,39:12.4,528,39:12.4,529,39:12.4,529,39:12.4,528,39:12.4,527,39:12.4,526,39:12.4,526,39:12.4,,80.9959951139:12.4,527,39:12.4,528,39:12.4,529,39:12.4,529,39:12.4,528,39:12.4,527,39:12.4,526,39:12.4,525,39:12.4,525,39:12.4,526,39:12.4,527,39:12.4,527,39:12.4,527,39:12.4,528,39:12.4,,81.0238813939:12.4,529,39:12.5,530,39:12.5,530,39:12.5,529,39:12.5,528,39:12.5,527,39:12.5,526,39:12.5,526,39:12.5,526,39:12.5,526,39:12.5,526,39:12.5,526,39:12.5,527,39:12.5,528,39:12.5,528,39:12.5,527,39:12.5,527,39:12.5,,80.986278839:12.5,527,39:12.5,527,39:12.5,528,39:12.5,529,39:12.5,529,39:12.5,530,39:12.5,529,39:12.5,529,39:12.5,528,39:12.6,527,39:12.6,525,39:12.6,524,39:12.6,525,39:12.6,526,39:12.6,527,39:12.6,527,39:12.6,524,39:12.6,519,39:12.6,513,39:12.6,509,39:12.6,508,39:12.6,509,39:12.6,512,39:12.6,515,39:12.6,518,39:12.6,,80.8545316439:12.6,521,39:12.6,523,39:12.6,524,39:12.6,525,39:12.6,526,39:12.6,526,39:12.6,525,39:12.6,524,39:12.6,525,39:12.7,525,39:12.7,526,39:12.7,527,39:12.7,526,39:12.7,525,39:12.7,523,39:12.7,523,39:12.7,523,39:12.7,524,39:12.7,525,39:12.7,525,39:12.7,525,39:12.7,525,39:12.7,525,39:12.7,525,39:12.7,525,39:12.7,525,39:12.7,523,39:12.7,522,39:12.7,,80.990974239:12.7,521,39:12.7,522,39:12.7,523,39:12.7,524,39:12.7,524,39:12.7,524,39:12.8,524,39:12.8,524,39:12.8,524,39:12.8,524,39:12.8,524,39:12.8,523,39:12.8,521,39:12.8,520,39:12.8,520,39:12.8,520,39:12.8,520,39:12.8,520,39:12.8,521,39:12.8,521,39:12.8,521,39:12.8,521,39:12.8,521,39:12.8,520,39:12.8,519,39:12.8,,81.094164339:12.8,518,39:12.8,516,39:12.8,514,39:12.8,514,39:12.8,515,39:12.8,517,39:12.9,520,39:12.9,522,39:12.9,522,39:12.9,521,39:12.9,518,39:12.9,516,39:12.9,514,39:12.9,514,39:12.9,514,39:12.9,515,39:12.9,516,39:12.9,517,39:12.9,516,39:12.9,515,39:12.9,513,39:12.9,513,39:12.9,,81.1232934839:12.9,514,39:12.9,517,39:12.9,518,39:12.9,518,39:12.9,517,39:12.9,515,39:12.9,513,39:12.9,514,39:12.9,515,39:13.0,516,39:13.0,517,39:13.0,517,39:13.0,517,39:13.0,518,39:13.0,520,39:13.0,521,39:13.0,520,39:13.0,516,39:13.0,512,39:13.0,,81.1780796239:13.0,507,39:13.0,503,39:13.0,502,39:13.0,503,39:13.0,504,39:13.0,506,39:13.0,509,39:13.0,511,39:13.0,513,39:13.0,515,39:13.0,517,39:13.0,517,39:13.0,517,39:13.0,516,39:13.0,515,39:13.1,514,39:13.1,515,39:13.1,516,39:13.1,517,39:13.1,518,39:13.1,,81.0923196839:13.1,517,39:13.1,517,39:13.1,517,39:13.1,518,39:13.1,518,39:13.1,518,39:13.1,518,39:13.1,518,39:13.1,518,39:13.1,518,39:13.1,518,39:13.1,517,39:13.1,516,39:13.1,515,39:13.1,515,39:13.1,516,39:13.1,517,39:13.1,518,39:13.1,518,39:13.1,,80.9012192239:13.1,518,39:13.1,518,39:13.2,518,39:13.2,518,39:13.2,518,39:13.2,518,39:13.2,518,39:13.2,518,39:13.2,518,39:13.2,518,39:13.2,517,39:13.2,516,39:13.2,514,39:13.2,513,39:13.2,,80.8598583539:13.2,513,39:13.2,513,39:13.2,514,39:13.2,514,39:13.2,515,39:13.2,515,39:13.2,515,39:13.2,515,39:13.2,513,39:13.2,513,39:13.2,513,39:13.2,513,39:13.3,514,39:13.3,514,39:13.3,513,39:13.3,,80.7686829239:13.3,512,39:13.3,512,39:13.3,511,39:13.3,511,39:13.3,511,39:13.3,512,39:13.3,513,39:13.3,513,39:13.3,514,39:13.3,514,39:13.3,514,39:13.3,515,39:13.3,515,39:13.3,516,39:13.3,516,39:13.3,516,39:13.3,515,39:13.3,515,39:13.3,514,39:13.3,513,39:13.3,513,39:13.3,513,39:13.4,514,39:13.4,,80.7029375839:13.4,515,39:13.4,516,39:13.4,516,39:13.4,517,39:13.4,518,39:13.4,518,39:13.4,519,39:13.4,518,39:13.4,517,39:13.4,515,39:13.4,511,39:13.4,505,39:13.4,499,39:13.4,496,39:13.4,496,39:13.4,498,39:13.4,503,39:13.4,507,39:13.4,511,39:13.4,514,39:13.4,516,39:13.4,518,39:13.4,519,39:13.4,,80.6361959439:13.4,520,39:13.5,520,39:13.5,521,39:13.5,521,39:13.5,522,39:13.5,522,39:13.5,521,39:13.5,520,39:13.5,519,39:13.5,518,39:13.5,518,39:13.5,517,39:13.5,517,39:13.5,518,39:13.5,519,39:13.5,521,39:13.5,522,39:13.5,523,39:13.5,524,39:13.5,524,39:13.5,524,39:13.5,523,39:13.5,,80.5438466739:13.5,523,39:13.5,522,39:13.5,521,39:13.5,520,39:13.6,520,39:13.6,520,39:13.6,521,39:13.6,522,39:13.6,522,39:13.6,522,39:13.6,523,39:13.6,524,39:13.6,524,39:13.6,524,39:13.6,524,39:13.6,524,39:13.6,524,39:13.6,525,39:13.6,525,39:13.6,525,39:13.6,,80.2893584339:13.6,524,39:13.6,522,39:13.6,521,39:13.6,520,39:13.6,520,39:13.6,520,39:13.6,520,39:13.6,520,39:13.6,520,39:13.7,520,39:13.7,519,39:13.7,520,39:13.7,520,39:13.7,521,39:13.7,521,39:13.7,522,39:13.7,521,39:13.7,520,39:13.7,520,39:13.7,519,39:13.7,519,39:13.7,519,39:13.7,519,39:13.7,,80.3565143639:13.7,519,39:13.7,520,39:13.7,522,39:13.7,523,39:13.7,523,39:13.7,523,39:13.7,522,39:13.7,521,39:13.7,521,39:13.7,521,39:13.7,522,39:13.7,524,39:13.8,525,39:13.8,525,39:13.8,525,39:13.8,,80.3746350239:13.8,525,39:13.8,524,39:13.8,524,39:13.8,523,39:13.8,523,39:13.8,524,39:13.8,525,39:13.8,526,39:13.8,526,39:13.8,522,39:13.8,517,39:13.8,511,39:13.8,507,39:13.8,506,39:13.8,508,39:13.8,512,39:13.8,,80.3683712139:13.8,515,39:13.8,519,39:13.8,522,39:13.8,525,39:13.8,526,39:13.9,527,39:13.9,527,39:13.9,527,39:13.9,528,39:13.9,530,39:13.9,531,39:13.9,531,39:13.9,529,39:13.9,529,39:13.9,529,39:13.9,530,39:13.9,,80.066199139:13.9,531,39:13.9,531,39:13.9,531,39:13.9,530,39:13.9,529,39:13.9,529,39:13.9,529,39:13.9,529,39:13.9,531,39:13.9,532,39:13.9,534,39:13.9,535,39:13.9,535,39:13.9,534,39:14.0,534,39:14.0,533,39:14.0,532,39:14.0,532,39:14.0,532,39:14.0,533,39:14.0,534,39:14.0,534,39:14.0,535,39:14.0,535,39:14.0,535,39:14.0,535,39:14.0,534,39:14.0,534,39:14.0,,80.3639322939:14.0,532,39:14.0,531,39:14.0,530,39:14.0,529,39:14.0,529,39:14.0,529,39:14.0,530,39:14.0,530,39:14.0,530,39:14.0,530,39:14.0,530,39:14.1,530,39:14.1,530,39:14.1,530,39:14.1,530,39:14.1,529,39:14.1,529,39:14.1,529,39:14.1,529,39:14.1,530,39:14.1,530,39:14.1,530,39:14.1,530,39:14.1,530,39:14.1,529,39:14.1,529,39:14.1,529,39:14.1,528,39:14.1,529,39:14.1,530,39:14.1,530,39:14.1,530,39:14.1,530,39:14.1,529,39:14.1,,80.6334043639:14.1,528,39:14.1,529,39:14.2,530,39:14.2,531,39:14.2,531,39:14.2,532,39:14.2,532,39:14.2,533,39:14.2,533,39:14.2,531,39:14.2,529,39:14.2,528,39:14.2,528,39:14.2,530,39:14.2,532,39:14.2,534,39:14.2,533,39:14.2,529,39:14.2,523,39:14.2,518,39:14.2,513,39:14.2,512,39:14.2,513,39:14.2,516,39:14.2,520,39:14.2,523,39:14.2,526,39:14.3,527,39:14.3,529,39:14.3,530,39:14.3,532,39:14.3,534,39:14.3,534,39:14.3,534,39:14.3,533,39:14.3,533,39:14.3,534,39:14.3,535,39:14.3,,80.3328697139:14.3,535,39:14.3,536,39:14.3,535,39:14.3,534,39:14.3,533,39:14.3,531,39:14.3,530,39:14.3,529,39:14.3,530,39:14.3,531,39:14.3,532,39:14.3,533,39:14.3,533,39:14.3,,80.5061355739:14.3,533,39:14.3,533,39:14.4,533,39:14.4,533,39:14.4,533,39:14.4,533,39:14.4,532,39:14.4,532,39:14.4,533,39:14.4,533,39:14.4,534,39:14.4,533,39:14.4,533,39:14.4,532,39:14.4,,80.6214883239:14.4,532,39:14.4,531,39:14.4,531,39:14.4,531,39:14.4,531,39:14.4,531,39:14.4,530,39:14.4,529,39:14.4,529,39:14.4,529,39:14.4,529,39:14.4,528,39:14.5,527,39:14.5,527,39:14.5,,80.7487373739:14.5,526,39:14.5,527,39:14.5,527,39:14.5,528,39:14.5,528,39:14.5,527,39:14.5,527,39:14.5,527,39:14.5,527,39:14.5,527,39:14.5,527,39:14.5,527,39:14.5,525,39:14.5,523,39:14.5,,80.8370521639:14.5,522,39:14.5,521,39:14.5,520,39:14.5,521,39:14.5,522,39:14.5,524,39:14.5,525,39:14.5,526,39:14.5,527,39:14.6,528,39:14.6,529,39:14.6,529,39:14.6,527,39:14.6,525,39:14.6,524,39:14.6,523,39:14.6,523,39:14.6,525,39:14.6,527,39:14.6,527,39:14.6,526,39:14.6,525,39:14.6,,80.6796579139:14.6,524,39:14.6,524,39:14.6,526,39:14.6,527,39:14.6,528,39:14.6,525,39:14.6,520,39:14.6,513,39:14.6,507,39:14.6,504,39:14.6,504,39:14.6,508,39:14.7,512,39:14.7,515,39:14.7,516,39:14.7,,80.6092270439:14.7,517,39:14.7,518,39:14.7,520,39:14.7,522,39:14.7,525,39:14.7,525,39:14.7,524,39:14.7,523,39:14.7,521,39:14.7,521,39:14.7,522,39:14.7,523,39:14.7,524,39:14.7,523,39:14.7,522,39:14.7,520,39:14.7,,80.7154257439:14.7,518,39:14.7,518,39:14.7,518,39:14.7,519,39:14.7,520,39:14.7,520,39:14.8,520,39:14.8,520,39:14.8,521,39:14.8,521,39:14.8,520,39:14.8,519,39:14.8,517,39:14.8,516,39:14.8,515,39:14.8,516,39:14.8,517,39:14.8,518,39:14.8,519,39:14.8,,80.7181581439:14.8,519,39:14.8,519,39:14.8,518,39:14.8,518,39:14.8,518,39:14.8,518,39:14.8,519,39:14.8,519,39:14.8,519,39:14.8,519,39:14.8,518,39:14.8,518,39:14.8,517,39:14.9,517,39:14.9,517,39:14.9,516,39:14.9,516,39:14.9,516,39:14.9,516,39:14.9,,80.6335917839:14.9,515,39:14.9,515,39:14.9,516,39:14.9,516,39:14.9,516,39:14.9,516,39:14.9,516,39:14.9,516,39:14.9,515,39:14.9,515,39:14.9,515,39:14.9,515,39:14.9,514,39:14.9,513,39:14.9,,80.6194464239:14.9,512,39:14.9,511,39:14.9,511,39:14.9,511,39:15.0,512,39:15.0,512,39:15.0,512,39:15.0,512,39:15.0,513,39:15.0,513,39:15.0,514,39:15.0,514,39:15.0,515,39:15.0,515,39:15.0,,80.5247790439:15.0,514,39:15.0,512,39:15.0,511,39:15.0,509,39:15.0,510,39:15.0,511,39:15.0,512,39:15.0,513,39:15.0,513,39:15.0,513,39:15.0,512,39:15.0,510,39:15.0,506,39:15.0,502,39:15.0,498,39:15.1,496,39:15.1,496,39:15.1,499,39:15.1,502,39:15.1,505,39:15.1,507,39:15.1,,80.2768998639:15.1,508,39:15.1,509,39:15.1,510,39:15.1,512,39:15.1,514,39:15.1,515,39:15.1,515,39:15.1,515,39:15.1,514,39:15.1,515,39:15.1,516,39:15.1,517,39:15.1,517,39:15.1,516,39:15.1,515,39:15.1,513,39:15.1,512,39:15.1,513,39:15.1,515,39:15.2,517,39:15.2,519,39:15.2,518,39:15.2,516,39:15.2,,80.2669270839:15.2,513,39:15.2,512,39:15.2,512,39:15.2,514,39:15.2,516,39:15.2,517,39:15.2,517,39:15.2,517,39:15.2,516,39:15.2,515,39:15.2,516,39:15.2,517,39:15.2,518,39:15.2,519,39:15.2,519,39:15.2,518,39:15.2,516,39:15.2,514,39:15.2,512,39:15.2,,80.3828223639:15.2,512,39:15.2,512,39:15.3,513,39:15.3,515,39:15.3,516,39:15.3,517,39:15.3,517,39:15.3,517,39:15.3,516,39:15.3,515,39:15.3,514,39:15.3,514,39:15.3,514,39:15.3,513,39:15.3,513,39:15.3,512,39:15.3,512,39:15.3,,80.5156743239:15.3,512,39:15.3,513,39:15.3,514,39:15.3,515,39:15.3,515,39:15.3,514,39:15.3,513,39:15.3,513,39:15.3,514,39:15.3,515,39:15.4,515,39:15.4,515,39:15.4,514,39:15.4,515,39:15.4,515,39:15.4,515,39:15.4,516,39:15.4,516,39:15.4,517,39:15.4,,80.6093355439:15.4,518,39:15.4,519,39:15.4,518,39:15.4,517,39:15.4,517,39:15.4,517,39:15.4,518,39:15.4,519,39:15.4,520,39:15.4,521,39:15.4,520,39:15.4,519,39:15.4,520,39:15.4,521,39:15.4,523,39:15.4,524,39:15.4,521,39:15.5,516,39:15.5,509,39:15.5,504,39:15.5,501,39:15.5,,80.5399897439:15.5,503,39:15.5,506,39:15.5,510,39:15.5,513,39:15.5,516,39:15.5,519,39:15.5,523,39:15.5,527,39:15.5,529,39:15.5,530,39:15.5,529,39:15.5,527,39:15.5,525,39:15.5,525,39:15.5,525,39:15.5,527,39:15.5,,80.1368765839:15.5,528,39:15.5,528,39:15.5,528,39:15.5,527,39:15.6,526,39:15.6,525,39:15.6,524,39:15.6,524,39:15.6,524,39:15.6,525,39:15.6,526,39:15.6,527,39:15.6,528,39:15.6,528,39:15.6,,80.101148239:15.6,528,39:15.6,528,39:15.6,528,39:15.6,527,39:15.6,528,39:15.6,528,39:15.6,529,39:15.6,529,39:15.6,529,39:15.6,529,39:15.6,529,39:15.6,528,39:15.6,528,39:15.6,528,39:15.6,,80.2910254939:15.6,528,39:15.7,529,39:15.7,529,39:15.7,529,39:15.7,528,39:15.7,528,39:15.7,527,39:15.7,527,39:15.7,527,39:15.7,527,39:15.7,527,39:15.7,526,39:15.7,526,39:15.7,526,39:15.7,525,39:15.7,525,39:15.7,,80.4148812339:15.7,525,39:15.7,525,39:15.7,526,39:15.7,526,39:15.7,525,39:15.7,524,39:15.7,521,39:15.7,520,39:15.7,519,39:15.7,520,39:15.8,521,39:15.8,522,39:15.8,521,39:15.8,520,39:15.8,518,39:15.8,,80.4846314739:15.8,518,39:15.8,519,39:15.8,521,39:15.8,522,39:15.8,523,39:15.8,522,39:15.8,520,39:15.8,519,39:15.8,518,39:15.8,519,39:15.8,521,39:15.8,522,39:15.8,522,39:15.8,523,39:15.8,522,39:15.8,522,39:15.8,521,39:15.8,520,39:15.8,519,39:15.8,520,39:15.9,521,39:15.9,,80.5266828439:15.9,522,39:15.9,523,39:15.9,522,39:15.9,520,39:15.9,515,39:15.9,510,39:15.9,505,39:15.9,503,39:15.9,505,39:15.9,509,39:15.9,512,39:15.9,515,39:15.9,516,39:15.9,517,39:15.9,519,39:15.9,522,39:15.9,525,39:15.9,526,39:15.9,,80.2111446539:15.9,526,39:15.9,525,39:15.9,523,39:15.9,523,39:15.9,524,39:15.9,525,39:15.9,526,39:16.0,526,39:16.0,525,39:16.0,524,39:16.0,524,39:16.0,524,39:16.0,525,39:16.0,526,39:16.0,,80.0853061939:16.0,526,39:16.0,526,39:16.0,525,39:16.0,524,39:16.0,523,39:16.0,523,39:16.0,523,39:16.0,523,39:16.0,524,39:16.0,524,39:16.0,524,39:16.0,525,39:16.0,525,39:16.0,526,39:16.0,526,39:16.0,526,39:16.0,525,39:16.1,525,39:16.1,,80.3321298939:16.1,525,39:16.1,526,39:16.1,525,39:16.1,525,39:16.1,524,39:16.1,523,39:16.1,523,39:16.1,523,39:16.1,523,39:16.1,522,39:16.1,522,39:16.1,522,39:16.1,522,39:16.1,522,39:16.1,522,39:16.1,522,39:16.1,,80.386649739:16.1,521,39:16.1,521,39:16.1,520,39:16.1,519,39:16.1,519,39:16.1,519,39:16.1,518,39:16.1,518,39:16.2,518,39:16.2,518,39:16.2,519,39:16.2,519,39:16.2,519,39:16.2,519,39:16.2,,80.4450954939:16.2,518,39:16.2,517,39:16.2,516,39:16.2,516,39:16.2,517,39:16.2,517,39:16.2,518,39:16.2,519,39:16.2,519,39:16.2,518,39:16.2,518,39:16.2,518,39:16.2,518,39:16.2,518,39:16.2,518,39:16.2,517,39:16.2,517,39:16.2,,80.5913924439:16.2,517,39:16.2,517,39:16.3,517,39:16.3,517,39:16.3,517,39:16.3,517,39:16.3,516,39:16.3,516,39:16.3,516,39:16.3,517,39:16.3,518,39:16.3,518,39:16.3,516,39:16.3,511,39:16.3,505,39:16.3,500,39:16.3,497,39:16.3,498,39:16.3,500,39:16.3,503,39:16.3,505,39:16.3,508,39:16.3,512,39:16.3,516,39:16.3,518,39:16.3,,80.3850122339:16.3,519,39:16.3,518,39:16.4,517,39:16.4,516,39:16.4,516,39:16.4,517,39:16.4,517,39:16.4,518,39:16.4,518,39:16.4,519,39:16.4,519,39:16.4,518,39:16.4,517,39:16.4,515,39:16.4,514,39:16.4,514,39:16.4,515,39:16.4,516,39:16.4,517,39:16.4,517,39:16.4,,80.127347739:16.4,517,39:16.4,517,39:16.4,516,39:16.4,516,39:16.4,516,39:16.4,516,39:16.4,517,39:16.5,517,39:16.5,517,39:16.5,516,39:16.5,514,39:16.5,513,39:16.5,513,39:16.5,513,39:16.5,515,39:16.5,516,39:16.5,516,39:16.5,,80.3150351239:16.5,516,39:16.5,515,39:16.5,514,39:16.5,513,39:16.5,512,39:16.5,511,39:16.5,511,39:16.5,511,39:16.5,512,39:16.5,511,39:16.5,510,39:16.5,509,39:16.5,508,39:16.5,508,39:16.5,509,39:16.5,510,39:16.6,510,39:16.6,,80.4250808939:16.6,509,39:16.6,508,39:16.6,507,39:16.6,506,39:16.6,507,39:16.6,508,39:16.6,509,39:16.6,508,39:16.6,507,39:16.6,506,39:16.6,504,39:16.6,503,39:16.6,504,39:16.6,505,39:16.6,,80.50850339:16.6,506,39:16.6,507,39:16.6,507,39:16.6,507,39:16.6,507,39:16.6,507,39:16.6,506,39:16.6,506,39:16.6,506,39:16.7,507,39:16.7,507,39:16.7,506,39:16.7,504,39:16.7,504,39:16.7,504,39:16.7,504,39:16.7,505,39:16.7,504,39:16.7,503,39:16.7,503,39:16.7,504,39:16.7,506,39:16.7,509,39:16.7,509,39:16.7,,80.6482402139:16.7,507,39:16.7,501,39:16.7,495,39:16.7,489,39:16.7,486,39:16.7,487,39:16.7,490,39:16.7,493,39:16.7,497,39:16.7,499,39:16.8,500,39:16.8,500,39:16.8,501,39:16.8,502,39:16.8,503,39:16.8,505,39:16.8,506,39:16.8,,80.6721610639:16.8,506,39:16.8,506,39:16.8,505,39:16.8,505,39:16.8,504,39:16.8,503,39:16.8,503,39:16.8,503,39:16.8,503,39:16.8,503,39:16.8,503,39:16.8,503,39:16.8,502,39:16.8,501,39:16.8,500,39:16.8,499,39:16.8,498,39:16.8,499,39:16.9,500,39:16.9,502,39:16.9,,80.4689472939:16.9,503,39:16.9,503,39:16.9,503,39:16.9,503,39:16.9,503,39:16.9,502,39:16.9,502,39:16.9,502,39:16.9,503,39:16.9,504,39:16.9,505,39:16.9,504,39:16.9,503,39:16.9,502,39:16.9,502,39:16.9,502,39:16.9,502,39:16.9,,80.3763218139:16.9,502,39:16.9,502,39:16.9,501,39:16.9,499,39:16.9,498,39:16.9,497,39:17.0,497,39:17.0,498,39:17.0,498,39:17.0,498,39:17.0,498,39:17.0,496,39:17.0,496,39:17.0,496,39:17.0,496,39:17.0,,80.4023042939:17.0,497,39:17.0,498,39:17.0,499,39:17.0,498,39:17.0,497,39:17.0,496,39:17.0,494,39:17.0,493,39:17.0,493,39:17.0,493,39:17.0,494,39:17.0,495,39:17.0,496,39:17.0,497,39:17.0,,80.3852489739:17.0,497,39:17.0,496,39:17.0,495,39:17.1,495,39:17.1,495,39:17.1,496,39:17.1,498,39:17.1,497,39:17.1,496,39:17.1,494,39:17.1,494,39:17.1,494,39:17.1,495,39:17.1,496,39:17.1,496,39:17.1,494,39:17.1,494,39:17.1,494,39:17.1,495,39:17.1,,80.4040798639:17.1,497,39:17.1,499,39:17.1,499,39:17.1,497,39:17.1,493,39:17.1,487,39:17.1,482,39:17.1,477,39:17.2,476,39:17.2,478,39:17.2,481,39:17.2,485,39:17.2,489,39:17.2,,80.5092329539:17.2,491,39:17.2,494,39:17.2,496,39:17.2,499,39:17.2,500,39:17.2,500,39:17.2,499,39:17.2,497,39:17.2,496,39:17.2,496,39:17.2,497,39:17.2,498,39:17.2,499,39:17.2,,80.2599727739:17.2,499,39:17.2,499,39:17.2,500,39:17.2,501,39:17.2,500,39:17.2,499,39:17.2,497,39:17.3,497,39:17.3,497,39:17.3,498,39:17.3,499,39:17.3,499,39:17.3,499,39:17.3,499,39:17.3,500,39:17.3,500,39:17.3,500,39:17.3,501,39:17.3,,80.1395793939:17.3,501,39:17.3,501,39:17.3,502,39:17.3,501,39:17.3,501,39:17.3,501,39:17.3,501,39:17.3,502,39:17.3,502,39:17.3,501,39:17.3,500,39:17.3,499,39:17.3,499,39:17.3,499,39:17.4,499,39:17.4,500,39:17.4,,80.3210819139:17.4,500,39:17.4,500,39:17.4,500,39:17.4,500,39:17.4,500,39:17.4,501,39:17.4,501,39:17.4,500,39:17.4,499,39:17.4,498,39:17.4,497,39:17.4,497,39:17.4,498,39:17.4,,80.4427773839:17.4,500,39:17.4,500,39:17.4,500,39:17.4,499,39:17.4,498,39:17.4,497,39:17.4,498,39:17.4,499,39:17.4,499,39:17.4,499,39:17.5,499,39:17.5,498,39:17.5,498,39:17.5,499,39:17.5,500,39:17.5,501,39:17.5,501,39:17.5,501,39:17.5,501,39:17.5,502,39:17.5,503,39:17.5,504,39:17.5,505,39:17.5,506,39:17.5,506,39:17.5,,80.3175209139:17.5,506,39:17.5,505,39:17.5,505,39:17.5,505,39:17.5,505,39:17.5,505,39:17.5,504,39:17.5,504,39:17.5,505,39:17.5,506,39:17.6,506,39:17.6,505,39:17.6,502,39:17.6,497,39:17.6,492,39:17.6,488,39:17.6,,80.0548551939:17.6,488,39:17.6,490,39:17.6,494,39:17.6,498,39:17.6,502,39:17.6,505,39:17.6,507,39:17.6,508,39:17.6,510,39:17.6,511,39:17.6,512,39:17.6,512,39:17.6,512,39:17.6,511,39:17.6,511,39:17.6,511,39:17.6,,80.1085562739:17.6,512,39:17.6,512,39:17.6,512,39:17.7,511,39:17.7,511,39:17.7,510,39:17.7,511,39:17.7,512,39:17.7,514,39:17.7,515,39:17.7,514,39:17.7,513,39:17.7,512,39:17.7,511,39:17.7,512,39:17.7,513,39:17.7,515,39:17.7,515,39:17.7,515,39:17.7,514,39:17.7,513,39:17.7,513,39:17.7,513,39:17.7,513,39:17.7,514,39:17.7,514,39:17.7,514,39:17.7,515,39:17.8,516,39:17.8,516,39:17.8,,80.2622612839:17.8,516,39:17.8,514,39:17.8,513,39:17.8,511,39:17.8,511,39:17.8,512,39:17.8,513,39:17.8,515,39:17.8,514,39:17.8,513,39:17.8,512,39:17.8,511,39:17.8,512,39:17.8,512,39:17.8,513,39:17.8,513,39:17.8,513,39:17.8,,80.2612255439:17.8,512,39:17.8,511,39:17.8,510,39:17.8,510,39:17.8,510,39:17.8,512,39:17.9,513,39:17.9,515,39:17.9,515,39:17.9,515,39:17.9,514,39:17.9,514,39:17.9,514,39:17.9,514,39:17.9,515,39:17.9,515,39:17.9,514,39:17.9,514,39:17.9,513,39:17.9,512,39:17.9,,80.2801254739:17.9,513,39:17.9,514,39:17.9,516,39:17.9,518,39:17.9,519,39:17.9,519,39:17.9,517,39:17.9,516,39:17.9,515,39:17.9,515,39:17.9,515,39:18.0,516,39:18.0,516,39:18.0,517,39:18.0,516,39:18.0,,80.3932883539:18.0,516,39:18.0,516,39:18.0,517,39:18.0,518,39:18.0,519,39:18.0,517,39:18.0,511,39:18.0,504,39:18.0,499,39:18.0,497,39:18.0,499,39:18.0,503,39:18.0,506,39:18.0,509,39:18.0,511,39:18.0,513,39:18.0,516,39:18.0,519,39:18.0,,80.1860499539:18.0,520,39:18.0,521,39:18.0,521,39:18.1,522,39:18.1,522,39:18.1,522,39:18.1,522,39:18.1,521,39:18.1,521,39:18.1,521,39:18.1,521,39:18.1,521,39:18.1,521,39:18.1,521,39:18.1,,80.1282749439:18.1,523,39:18.1,524,39:18.1,526,39:18.1,526,39:18.1,526,39:18.1,525,39:18.1,524,39:18.1,524,39:18.1,523,39:18.1,523,39:18.1,523,39:18.1,524,39:18.1,525,39:18.1,,80.2980587139:18.1,526,39:18.2,526,39:18.2,525,39:18.2,524,39:18.2,525,39:18.2,525,39:18.2,526,39:18.2,527,39:18.2,527,39:18.2,527,39:18.2,527,39:18.2,526,39:18.2,525,39:18.2,,80.38350339:18.2,524,39:18.2,524,39:18.2,525,39:18.2,526,39:18.2,528,39:18.2,527,39:18.2,525,39:18.2,523,39:18.2,522,39:18.2,523,39:18.2,524,39:18.2,525,39:18.2,525,39:18.3,524,39:18.3,523,39:18.3,522,39:18.3,521,39:18.3,522,39:18.3,522,39:18.3,523,39:18.3,524,39:18.3,524,39:18.3,,80.4599313439:18.3,524,39:18.3,523,39:18.3,521,39:18.3,520,39:18.3,520,39:18.3,520,39:18.3,521,39:18.3,521,39:18.3,521,39:18.3,522,39:18.3,522,39:18.3,523,39:18.3,523,39:18.3,523,39:18.3,523,39:18.3,522,39:18.4,522,39:18.4,,80.5087594739:18.4,522,39:18.4,524,39:18.4,525,39:18.4,526,39:18.4,526,39:18.4,525,39:18.4,524,39:18.4,522,39:18.4,521,39:18.4,520,39:18.4,520,39:18.4,522,39:18.4,523,39:18.4,525,39:18.4,,80.4770162639:18.4,526,39:18.4,526,39:18.4,522,39:18.4,517,39:18.4,512,39:18.4,508,39:18.4,506,39:18.4,508,39:18.4,511,39:18.4,514,